-1.9334e+08
-2.58141e+08
-4.64984e+08
-8.06589e+08
-1.27094e+09
-1.84169e+09
1.7962e+09
1.07592e+09
3.17791e+08
-4.51526e+08
-1.20496e+09
-1.91598e+09
1.73537e+09
1.18182e+09
7.37806e+08
4.18957e+08
2.36492e+08
1.96828e+08
3.01361e+08
5.46415e+08
9.23366e+08
1.41895e+09
2.01574e+09
-1.60225e+09
-8.6889e+08
-1.04963e+08
6.6266e+08
1.40697e+09
2.10177e+09
-1.57235e+09
-1.0473e+09
-6.36525e+08
-3.54476e+08
-2.11076e+08
-2.11374e+08
-3.55359e+08
-6.37967e+08
-1.04925e+09
-1.57474e+09
2.09902e+09
1.40396e+09
6.59505e+08
-1.08158e+08
-8.72015e+08
-1.60519e+09
2.01308e+09
1.41668e+09
9.21552e+08
5.4512e+08
3.00631e+08
1.96689e+08
2.36951e+08
4.2e+08
7.39395e+08
1.1839e+09
1.73787e+09
-1.91316e+09
-1.2019e+09
-4.4835e+08
3.20975e+08
1.079e+09
1.79907e+09
-1.83914e+09
-1.26879e+09
-8.04917e+08
-4.63847e+08
-2.57581e+08
-1.93374e+08
-2.73486e+08
-4.951e+08
-8.5042e+08
-1.32694e+09
-1.9079e+09
1.72212e+09
9.96579e+08
2.35974e+08
-5.32935e+08
-1.28309e+09
-1.9881e+09
1.67181e+09
1.12905e+09
6.97691e+08
3.92904e+08
2.25417e+08
2.01123e+08
3.20874e+08
5.80459e+08
9.70746e+08
1.478e+09
2.08437e+09
-1.52644e+09
-7.88573e+08
-2.2964e+07
7.43456e+08
1.48371e+09
-2.1232e+09
-1.51156e+09
-9.97865e+08
-6.00178e+08
-3.32496e+08
-2.0424e+08
-2.19919e+08
-3.78985e+08
-6.7584e+08
-1.10004e+09
-1.63666e+09
2.02816e+09
1.32664e+09
5.78444e+08
-1.90103e+08
-9.51963e+08
-1.68032e+09
1.94541e+09
1.35884e+09
8.75585e+08
5.12646e+08
2.82794e+08
1.94113e+08
2.49724e+08
4.47675e+08
7.80997e+08
1.23796e+09
1.80249e+09
-1.84024e+09
-1.12326e+09
-3.66754e+08
4.02656e+08
1.1579e+09
1.8724e+09
-1.77395e+09
-1.21404e+09
-7.62536e+08
-4.3532e+08
-2.43912e+08
-1.95045e+08
-2.9044e+08
-5.26739e+08
-8.95628e+08
-1.38413e+09
-1.97505e+09
1.64737e+09
9.16851e+08
1.54077e+08
-6.1412e+08
-1.36071e+09
-2.05942e+09
1.6093e+09
1.07755e+09
6.59013e+08
3.68409e+08
2.15963e+08
2.07043e+08
3.41964e+08
6.15977e+08
1.01944e+09
1.53815e+09
-2.14109e+09
-1.45004e+09
-7.07962e+08
5.90235e+07
8.23932e+08
1.55985e+09
-2.05409e+09
-1.4519e+09
-9.49754e+08
-5.65312e+08
-3.12103e+08
-1.99033e+08
-2.30084e+08
-4.04164e+08
-7.15149e+08
-1.15209e+09
-1.69962e+09
1.95649e+09
1.2488e+09
4.97169e+08
-2.71955e+08
-1.03151e+09
-1.75477e+09
1.87867e+09
1.30218e+09
8.30983e+08
4.81674e+08
2.66541e+08
1.93152e+08
2.64091e+08
4.76863e+08
8.23979e+08
1.29323e+09
1.86809e+09
-1.76662e+09
-1.04419e+09
-2.85037e+08
4.84152e+08
1.23631e+09
1.94496e+09
-1.70979e+09
-1.16054e+09
-7.21567e+08
-4.08337e+08
-2.31861e+08
-1.9835e+08
-3.08984e+08
-5.59873e+08
-9.42184e+08
-1.44247e+09
-2.04312e+09
1.57196e+09
8.36758e+08
7.21197e+07
-6.95058e+08
-1.43778e+09
-2.12991e+09
1.54787e+09
1.02735e+09
6.21796e+08
3.45489e+08
2.08147e+08
2.14606e+08
3.6464e+08
6.52966e+08
1.06944e+09
1.59941e+09
-2.07074e+09
-1.37306e+09
-6.2707e+08
1.40982e+08
9.04076e+08
1.63536e+09
-1.98587e+09
-1.39338e+09
-9.02984e+08
-5.31938e+08
-2.933e+08
-1.95466e+08
-2.41876e+08
-4.30902e+08
-7.55887e+08
-1.2054e+09
-1.76363e+09
1.88405e+09
1.17046e+09
4.15693e+08
-3.53703e+08
-1.11065e+09
-1.82852e+09
1.81292e+09
1.24672e+09
7.87776e+08
4.52239e+08
2.51913e+08
1.93845e+08
2.80085e+08
5.07592e+08
8.68364e+08
1.3497e+09
1.93468e+09
-1.69226e+09
-9.64692e+08
-2.03181e+08
5.65478e+08
1.31424e+09
2.01676e+09
-1.64665e+09
-1.10828e+09
-6.8203e+08
-3.82909e+08
-2.21439e+08
-2.03302e+08
-3.29134e+08
-5.94509e+08
-9.90091e+08
-1.50196e+09
-2.1121e+09
1.49591e+09
7.56329e+08
-9.86802e+06
-7.75715e+08
-1.51427e+09
2.09542e+09
1.48755e+09
9.78449e+08
5.86049e+08
3.24151e+08
2.01969e+08
2.23807e+08
3.88893e+08
6.91418e+08
1.12074e+09
1.66175e+09
-1.99956e+09
-1.29553e+09
-5.45934e+08
2.22879e+08
9.83851e+08
1.7102e+09
-1.91858e+09
-1.33602e+09
-8.57574e+08
-5.00074e+08
-2.76102e+08
-1.93537e+08
-2.55289e+08
-4.59179e+08
-7.98041e+08
-1.25994e+09
-1.82864e+09
1.81085e+09
1.09166e+09
3.34055e+08
-4.353e+08
-1.18934e+09
-1.90154e+09
1.74815e+09
1.19247e+09
7.45967e+08
4.24338e+08
2.389e+08
1.96178e+08
2.9768e+08
5.39831e+08
9.14112e+08
1.40735e+09
2.0022e+09
-1.61725e+09
-8.84821e+08
-1.21264e+08
6.46561e+08
1.39163e+09
2.08774e+09
-1.58458e+09
-1.0573e+09
-6.43937e+08
-3.59042e+08
-2.12639e+08
-2.09879e+08
-3.50858e+08
-6.30615e+08
-1.03931e+09
-1.56256e+09
2.11302e+09
1.41928e+09
6.756e+08
-9.18475e+07
-8.56067e+08
-1.59016e+09
2.02666e+09
1.42833e+09
9.30862e+08
5.51766e+08
3.04379e+08
1.97407e+08
2.34613e+08
4.14688e+08
7.31293e+08
1.17329e+09
1.72513e+09
-1.92757e+09
-1.21748e+09
-4.64562e+08
3.04707e+08
1.06326e+09
1.78439e+09
-1.85223e+09
-1.27982e+09
-8.13516e+08
-4.69706e+08
-2.60494e+08
-1.93238e+08
-2.70308e+08
-4.8899e+08
-8.41591e+08
-1.3157e+09
-1.89464e+09
1.73692e+09
1.01241e+09
2.52271e+08
-5.16744e+08
-1.26757e+09
-1.9738e+09
1.68438e+09
1.13946e+09
7.05566e+08
3.97969e+08
2.27495e+08
2.00139e+08
3.16867e+08
5.73568e+08
9.6121e+08
1.46616e+09
2.07064e+09
-1.54158e+09
-8.04583e+08
-3.92838e+07
7.27398e+08
1.46849e+09
-2.13707e+09
-1.52358e+09
-1.0076e+09
-6.07295e+08
-3.36745e+08
-2.0547e+08
-2.18088e+08
-3.74156e+08
-6.68184e+08
-1.08983e+09
-1.62425e+09
2.04233e+09
1.34207e+09
5.94598e+08
-1.73797e+08
-9.36078e+08
-1.66542e+09
1.9588e+09
1.37026e+09
8.84622e+08
5.18984e+08
2.86209e+08
1.94488e+08
2.47046e+08
4.42036e+08
7.72598e+08
1.2271e+09
1.78954e+09
-1.85482e+09
-1.13895e+09
-3.83008e+08
3.86408e+08
1.14223e+09
1.85786e+09
-1.78685e+09
-1.22484e+09
-7.70853e+08
-4.40869e+08
-2.46498e+08
-1.94576e+08
-2.86933e+08
-5.20316e+08
-8.86517e+08
-1.37265e+09
-1.96161e+09
1.6623e+09
9.32749e+08
1.70383e+08
-5.97982e+08
-1.34531e+09
-2.04529e+09
1.62166e+09
1.0877e+09
6.66593e+08
3.73153e+08
2.17709e+08
2.05729e+08
3.37634e+08
6.08783e+08
1.00963e+09
1.52608e+09
2.13996e+09
-1.4653e+09
-7.24035e+08
4.27016e+07
8.07936e+08
1.54475e+09
-2.06777e+09
-1.46368e+09
-9.59212e+08
-5.72121e+08
-3.16021e+08
-1.99924e+08
-2.27915e+08
-3.99012e+08
-7.07193e+08
-1.14162e+09
-1.68699e+09
1.97083e+09
1.26434e+09
5.13366e+08
-2.55672e+08
-1.01572e+09
-1.74002e+09
1.89187e+09
1.31335e+09
8.39732e+08
4.87697e+08
2.69626e+08
1.93191e+08
2.61081e+08
4.70909e+08
8.15293e+08
1.28212e+09
1.85495e+09
-1.78133e+09
-1.05996e+09
-3.01303e+08
4.67959e+08
1.22076e+09
1.9306e+09
-1.72245e+09
-1.17106e+09
-7.29577e+08
-4.13553e+08
-2.34099e+08
-1.97534e+08
-3.05143e+08
-5.53136e+08
-9.32795e+08
-1.43075e+09
-2.02949e+09
1.58702e+09
8.52721e+08
8.84256e+07
-6.78984e+08
0
0
0
0
0
0
0
0
0
0
0
0
0
0
0
0
0
0
0
0
0
0
0
0
0
0
0
0
0
0
0
0
0
0
0
0
0
0
0
0
0
0
0
0
0
0
0
0
0
0
0
0
0
0
0
0
0
0
0
0
0
0
0
0
0
0
0
0
0
0
0
0
0
0
0
0
0
0
0
0
0
0
0
0
0
0
0
0
0
0
0
0
0
0
0
0
0
0
0
0
0
0
0
0
0
0
0
0
0
0
0
0
0
0
0
0
0
0
0
0
0
0
0
0
0
0
0
0
0
0
0
0
0
0
0
0
0
0
0
0
0
0
0
0
0
0
0
0
0
0
0
0
0
0
0
0
0
0
0
0
0
0
0
0
0
0
0
0
0
0
0
0
0
0
0
0
0
0
0
0
0
0
0
0
0
0
0
0
0
0
0
0
0
0
0
0
0
0
0
0
0
0
0
0
0
0
0
0
0
0
0
0
0
0
0
0
0
0
0
0
0
0
0
0
0
0
0
0
0
0
0
0
0
0
0
0
0
0
0
0
0
0
0
0
0
0
0
0
0
0
0
0
0
0
0
0
0
0
0
0
0
0
0
0
0
0
0
0
0
0
0
0
0
0
0
0
0
0
0
0
0
0
0
0
0
0
0
0
0
0
0
0
0
0
0
0
0
0
0
0
0
0
0
0
0
0
0
0
0
0
0
0
0
0
0
0
0
0
0
0
0
0
0
0
0
0
0
0
0
0
0
0
0
0
0
0
0
0
0
0
0
0
0
0
0
0
0
0
0
0
0
0
0
0
0
0
0
0
0
0
0
0
0
0
0
0
0
0
0
0
0
0
0
0
0
0
0
0
0
0
0
0
0
0
0
0
0
0
0
0
0
0
0
0
0
0
0
0
0
0
0
0
0
0
0
0
0
0
0
0
0
0
0
0
0
0
0
0
0
0
0
0
0
0
0
0
0
0
0
0
0
0
0
0
0
0
0
0
0
0
0
0
0
0
0
0
0
0
0
0
0
0
0
0
0
0
0
0
0
0
0
0
0
0
0
0
0
0
0
0
0
0
0
0
0
0
0
0
0
0
0
0
0
0
0
0
0
0
0
0
0
0
0
0
0
0
0
0
0
0
0
0
0
0
0
0
0
0
0
0
0
0
