-4.25067e+08
-5.71445e+08
-9.99406e+08
-1.69335e+09
1.6666e+09
5.23852e+08
-7.86037e+08
2.07827e+09
5.77379e+08
-9.4085e+08
1.87196e+09
4.77902e+08
-7.79217e+08
-1.85548e+09
1.58156e+09
9.71698e+08
6.30841e+08
5.70437e+08
7.92055e+08
1.28734e+09
2.03834e+09
-1.27683e+09
-1.03124e+08
1.22283e+09
-1.64084e+09
-1.54743e+08
1.33381e+09
-1.52247e+09
-1.84137e+08
1.007e+09
2.00937e+09
-1.50686e+09
-9.78675e+08
-7.19102e+08
-7.36723e+08
-1.03036e+09
-1.58913e+09
1.90211e+09
8.82181e+08
-3.17659e+08
-1.65486e+09
1.21282e+09
-2.54181e+08
-1.70926e+09
1.19369e+09
-8.64675e+07
-1.21e+09
-2.13772e+09
1.45755e+09
1.00999e+09
8.29793e+08
9.22743e+08
1.28501e+09
1.9033e+09
-1.53962e+09
-4.84232e+08
7.36961e+08
2.08069e+09
-7.95499e+08
6.48296e+08
2.0663e+09
-8.86234e+08
3.33583e+08
1.38816e+09
-2.05419e+09
-1.43308e+09
-1.06484e+09
-9.61879e+08
-1.12726e+09
-1.55461e+09
2.06662e+09
1.17067e+09
8.45004e+07
-1.15332e+09
1.796e+09
3.90067e+08
-1.02661e+09
1.89077e+09
6.00596e+08
-5.56986e+08
-1.54157e+09
1.97606e+09
1.43285e+09
1.14237e+09
1.11428e+09
1.34901e+09
1.83776e+09
-1.73217e+09
-7.96824e+08
3.15488e+08
1.56529e+09
-1.38661e+09
2.31282e+06
1.38817e+09
-1.57273e+09
-3.3721e+08
7.56527e+08
1.67035e+09
-1.92245e+09
-1.45616e+09
-1.24162e+09
-1.28583e+09
-1.58667e+09
-2.13302e+09
1.38984e+09
4.19593e+08
-7.14245e+08
-1.97147e+09
9.87362e+08
-3.80557e+08
-1.7321e+09
1.27516e+09
9.64318e+07
-9.32137e+08
-1.77472e+09
1.89286e+09
1.50225e+09
1.36162e+09
1.47537e+09
1.83892e+09
-1.85601e+09
-1.04111e+09
-4.04614e+07
1.11034e+09
-1.92445e+09
-5.99438e+08
7.43685e+08
2.05767e+09
-9.98568e+08
1.21527e+08
1.08388e+09
1.85503e+09
-1.88669e+09
-1.57028e+09
-1.5013e+09
-1.68163e+09
-2.10436e+09
1.54088e+09
6.875e+08
-3.39065e+08
-1.50234e+09
1.53383e+09
2.23985e+08
-1.09076e+09
1.9308e+09
7.43381e+08
-3.16502e+08
-1.21188e+09
-1.91167e+09
1.90325e+09
1.65933e+09
1.65955e+09
1.90335e+09
-1.91337e+09
-1.21802e+09
-3.30501e+08
7.17535e+08
1.88889e+09
-1.15287e+09
1.3795e+08
1.42094e+09
-1.64396e+09
-5.09926e+08
4.88442e+08
1.31637e+09
1.94515e+09
-1.94183e+09
-1.76844e+09
-1.83521e+09
-2.13922e+09
1.62573e+09
8.88875e+08
-2.84435e+07
-1.09356e+09
2.02629e+09
7.82731e+08
-4.85405e+08
-1.73348e+09
1.37729e+09
2.98438e+08
-6.3739e+08
-1.39765e+09
-1.95602e+09
2.00159e+09
1.89659e+09
2.02707e+09
-1.90707e+09
-1.32913e+09
-5.54917e+08
3.87888e+08
1.46574e+09
-1.65453e+09
-4.24507e+08
8.17466e+08
2.02771e+09
-1.1312e+09
-1.09075e+08
7.6346e+08
1.4561e+09
1.94494e+09
-2.08167e+09
-2.0427e+09
2.06105e+09
1.64692e+09
1.02497e+09
2.17583e+08
-7.46421e+08
-1.83277e+09
1.29198e+09
7.92295e+07
-1.13332e+09
1.99192e+09
9.06012e+08
-5.81133e+07
-8.6687e+08
-1.49222e+09
-1.91263e+09
-2.11385e+09
-2.08934e+09
-1.84052e+09
-1.37669e+09
-7.1471e+08
1.21682e+08
1.10264e+09
-2.10163e+09
-9.39809e+08
2.52123e+08
1.4322e+09
-1.73599e+09
-7.01987e+08
2.03144e+08
9.47913e+08
1.50655e+09
1.85989e+09
1.99604e+09
1.91075e+09
1.6076e+09
1.09779e+09
3.99767e+08
-4.61466e+08
-1.45522e+09
1.74875e+09
5.99082e+08
-5.68687e+08
-1.71347e+09
1.49987e+09
5.19248e+08
-3.26154e+08
-1.00698e+09
-1.49973e+09
-1.78756e+09
-1.8609e+09
-1.71772e+09
-1.36362e+09
-8.1158e+08
-8.15283e+07
8.00417e+08
1.80286e+09
-1.4047e+09
-2.70787e+08
8.69674e+08
1.97658e+09
-1.28385e+09
-3.57854e+08
4.27349e+08
1.04453e+09
1.47245e+09
1.69656e+09
1.70954e+09
1.51148e+09
1.1099e+09
5.19456e+08
-2.38597e+08
-1.13717e+09
-2.14431e+09
1.07063e+09
-4.41205e+07
-1.15433e+09
2.07396e+09
1.08821e+09
2.17795e+08
-5.07001e+08
-1.0611e+09
-1.42549e+09
-1.58788e+09
-1.5431e+09
-1.2933e+09
-8.47808e+08
-2.22812e+08
5.59236e+08
1.47042e+09
-1.8166e+09
-7.47575e+08
3.44787e+08
1.42204e+09
-1.84861e+09
-9.13069e+08
-9.89432e+07
5.65493e+08
1.0573e+09
1.35968e+09
1.46252e+09
1.36276e+09
1.06448e+09
5.78704e+08
-7.69764e+07
-8.7904e+08
-1.79889e+09
1.49108e+09
4.36517e+08
-6.30431e+08
-1.67223e+09
1.64263e+09
7.58485e+08
1.09538e+06
-6.03275e+08
-1.03382e+09
-1.27591e+09
-1.32156e+09
-1.16973e+09
-8.26317e+08
-3.03933e+08
3.78556e+08
1.19671e+09
2.12138e+09
-1.17519e+09
-1.38362e+08
9.00347e+08
1.90443e+09
-1.45626e+09
-6.24429e+08
7.6029e+07
6.20876e+08
9.91419e+08
1.17514e+09
1.16613e+09
9.65256e+08
5.80147e+08
2.48688e+07
-6.8057e+08
-1.51094e+09
1.85827e+09
8.69947e+08
-1.4604e+08
-1.1539e+09
-2.11825e+09
1.28965e+09
5.10802e+08
-1.32782e+08
-6.18884e+08
-9.30892e+08
-1.05836e+09
-9.97356e+08
-7.50588e+08
-3.27282e+08
2.57161e+08
9.81722e+08
1.82052e+09
-1.55124e+09
-5.76303e+08
4.15938e+08
1.39057e+09
-1.98158e+09
-1.14283e+09
-4.17382e+08
1.69626e+08
5.97988e+08
8.53134e+08
9.26629e+08
8.16442e+08
5.27008e+08
6.9048e+07
-5.40832e+08
-1.28073e+09
-2.12425e+09
1.25354e+09
2.95151e+08
-6.70636e+08
-1.60987e+09
1.80535e+09
1.0158e+09
3.4392e+08
-1.87052e+08
-5.589e+08
-7.59052e+08
-7.81014e+08
-6.24576e+08
-2.95792e+08
1.9324e+08
8.24834e+08
1.57635e+09
-1.87397e+09
-9.6617e+08
-2.73042e+07
9.09536e+08
1.81144e+09
-1.64815e+09
-9.08417e+08
-2.90031e+08
1.85673e+08
5.02438e+08
6.49646e+08
6.22669e+08
4.23015e+08
5.82578e+07
-4.58253e+08
-1.10788e+09
-1.86736e+09
1.58531e+09
6.90069e+08
-2.26495e+08
-1.13211e+09
-1.99498e+09
1.51002e+09
8.2049e+08
2.55286e+08
-1.66142e+08
-4.29459e+08
-5.25938e+08
-4.52741e+08
-2.12999e+08
1.84308e+08
7.24701e+08
1.38871e+09
-2.14236e+09
-1.30577e+09
-4.26103e+08
4.65575e+08
1.3379e+09
-2.13468e+09
-1.39095e+09
-7.5175e+08
-2.39183e+08
1.29173e+08
3.40865e+08
3.88989e+08
2.72409e+08
-4.21798e+06
-4.30625e+08
-9.91319e+08
-1.66614e+09
1.86398e+09
1.03629e+09
1.75048e+08
-6.89364e+08
-1.52657e+09
1.98772e+09
1.2908e+09
7.01832e+08
2.41132e+08
-7.55612e+07
-2.37625e+08
-2.39905e+08
-8.28849e+07
2.27364e+08
6.79399e+08
1.25684e+09
1.93897e+09
-1.59354e+09
-7.778e+08
6.23593e+07
8.97338e+08
1.69782e+09
-1.85916e+09
-1.20938e+09
-6.70306e+08
-2.60485e+08
6.14869e+06
1.20744e+08
7.98256e+07
-1.14609e+08
-4.55174e+08
-9.29374e+08
-1.52006e+09
2.08889e+09
1.33202e+09
5.31127e+08
-2.85487e+08
-1.08908e+09
-1.85146e+09
1.74897e+09
1.14641e+09
6.56677e+08
2.96542e+08
7.81815e+07
8.74052e+06
9.01026e+07
3.18849e+08
6.86392e+08
1.1793e+09
1.7798e+09
-1.8286e+09
-1.08039e+09
-2.97054e+08
4.9375e+08
1.26422e+09
1.98736e+09
-1.65702e+09
-1.10156e+09
-6.60372e+08
-3.48528e+08
-1.76481e+08
-1.49741e+08
-2.6869e+08
-5.28588e+08
-9.19759e+08
-1.42796e+09
-2.03488e+09
1.57615e+09
8.39518e+08
7.62753e+07
-6.86665e+08
-1.4225e+09
-2.10549e+09
1.58311e+09
1.07437e+09
6.80747e+08
4.15608e+08
2.8776e+08
3.01148e+08
4.54741e+08
7.42586e+08
1.15404e+09
1.67415e+09
-2.01075e+09
-1.33252e+09
-6.10225e+08
1.30587e+08
8.63821e+08
1.56375e+09
-2.08905e+09
-1.52695e+09
-1.06435e+09
-7.17088e+08
-4.96894e+08
-4.10978e+08
-4.61807e+08
-6.47036e+08
-9.59602e+08
-1.388e+09
-1.91671e+09
1.76822e+09
1.09863e+09
3.93258e+08
-3.22983e+08
-1.02488e+09
-1.68785e+09
2.0062e+09
1.48819e+09
1.07093e+09
7.68637e+08
5.91454e+08
5.45071e+08
6.30561e+08
8.44358e+08
1.17841e+09
1.62046e+09
-2.14044e+09
-1.5335e+09
-8.75343e+08
-1.8929e+08
5.00441e+08
1.16961e+09
1.79479e+09
-1.94073e+09
-1.4664e+09
-1.09345e+09
-8.34561e+08
-6.98307e+08
-6.8894e+08
-8.06227e+08
-1.04549e+09
-1.39779e+09
-1.85025e+09
1.90844e+09
1.30755e+09
6.63433e+08
-1.08389e+06
-6.62577e+08
-1.29783e+09
-1.88464e+09
1.89234e+09
1.46106e+09
1.13124e+09
9.13993e+08
8.16447e+08
8.41475e+08
9.87636e+08
1.24924e+09
1.61657e+09
2.07624e+09
-1.68329e+09
-1.09123e+09
-4.63626e+08
1.77331e+08
8.09068e+08
1.40944e+09
1.95751e+09
-1.86068e+09
-1.47163e+09
-1.18352e+09
-1.00602e+09
-9.44824e+08
-1.00153e+09
-1.17358e+09
-1.4544e+09
-1.83358e+09
1.99761e+09
1.46595e+09
8.85391e+08
2.76565e+08
-3.39015e+08
-9.39698e+08
-1.50446e+09
-2.01365e+09
1.84531e+09
1.49744e+09
1.24949e+09
1.10967e+09
1.08235e+09
1.16795e+09
1.36288e+09
1.65977e+09
2.04767e+09
-1.78245e+09
-1.25737e+09
-6.908e+08
-1.02845e+08
4.85741e+08
1.05429e+09
1.58294e+09
2.05333e+09
-1.84573e+09
-1.53783e+09
-1.32828e+09
-1.22394e+09
-1.22794e+09
-1.33957e+09
-1.55434e+09
-1.8642e+09
2.03722e+09
1.57422e+09
1.0584e+09
5.08146e+08
-5.70368e+07
-6.17227e+08
-1.15278e+09
-1.64502e+09
-2.0769e+09
1.86139e+09
1.59203e+09
1.41899e+09
1.34781e+09
1.38046e+09
1.51522e+09
1.74679e+09
2.06654e+09
-1.83222e+09
-1.37388e+09
-8.69842e+08
-3.38058e+08
2.02651e+08
7.33253e+08
1.23517e+09
1.69095e+09
2.08484e+09
-1.89161e+09
-1.65922e+09
-1.52064e+09
-1.48019e+09
-1.53875e+09
-1.6937e+09
-1.93905e+09
2.0293e+09
1.63334e+09
1.18234e+09
6.92458e+08
1.81104e+08
-3.33638e+08
-8.33678e+08
-1.30155e+09
-1.72101e+09
-2.07763e+09
1.93572e+09
1.73855e+09
1.63225e+09
1.62e+09
1.70169e+09
1.87388e+09
2.12999e+09
-1.83445e+09
-1.44154e+09
-1.00043e+09
-5.26899e+08
-3.7755e+07
4.49729e+08
9.18453e+08
1.35208e+09
1.73559e+09
2.05585e+09
-1.99297e+09
-1.82911e+09
-1.75279e+09
-1.76613e+09
-1.8681e+09
-2.05457e+09
1.9765e+09
1.64494e+09
1.25777e+09
8.28951e+08
3.73791e+08
-9.15651e+07
-5.50714e+08
-9.87582e+08
-1.38698e+09
-1.73512e+09
-2.02014e+09
2.06255e+09
1.92996e+09
1.88121e+09
1.91745e+09
2.03684e+09
-2.06032e+09
-1.79156e+09
-1.46175e+09
-1.08289e+09
-6.68598e+08
-2.33655e+08
2.06536e+08
6.36486e+08
1.04118e+09
1.40658e+09
1.72013e+09
1.97119e+09
-2.14359e+09
-2.04011e+09
-2.01643e+09
-2.07283e+09
2.08821e+09
1.88198e+09
1.61121e+09
1.28585e+09
9.17715e+08
5.20027e+08
1.06953e+08
-3.06898e+08
-7.06997e+08
-1.0794e+09
-1.41125e+09
-1.69118e+09
-1.90976e+09
-2.05977e+09
-2.13643e+09
-2.13762e+09
-2.06384e+09
-1.91825e+09
-1.70649e+09
-1.43648e+09
-1.11814e+09
-7.63004e+08
-3.83821e+08
5.92249e+06
3.9247e+08
7.62283e+08
1.10251e+09
1.40145e+09
1.64893e+09
1.83666e+09
1.95853e+09
2.01078e+09
1.99212e+09
1.90377e+09
1.74938e+09
1.53491e+09
1.26834e+09
9.59469e+08
6.19462e+08
2.60504e+08
-1.04652e+08
-4.63145e+08
-8.02454e+08
-1.11083e+09
-1.37771e+09
-1.59407e+09
-1.75275e+09
-1.84865e+09
-1.87896e+09
-1.84315e+09
-1.74305e+09
-1.58271e+09
-1.36827e+09
-1.10773e+09
-8.10626e+08
-4.87695e+08
-1.50493e+08
1.89023e+08
5.18923e+08
8.27718e+08
1.10476e+09
1.34061e+09
1.52737e+09
1.65893e+09
1.73116e+09
1.74207e+09
1.69185e+09
1.5828e+09
1.4193e+09
1.20758e+09
9.55525e+08
6.72345e+08
3.68271e+08
5.41629e+07
-2.58863e+08
-5.59838e+08
-8.38317e+08
-1.08475e+09
-1.2908e+09
-1.44963e+09
-1.55612e+09
-1.60707e+09
-1.60121e+09
-1.53933e+09
-1.42414e+09
-1.26022e+09
-1.0538e+09
-8.12565e+08
-5.45317e+08
-2.61697e+08
2.81774e+07
3.14075e+08
5.86008e+08
8.34584e+08
1.05133e+09
1.22897e+09
1.3617e+09
1.44533e+09
1.47745e+09
1.45749e+09
1.38672e+09
1.26815e+09
1.10648e+09
9.07842e+08
6.79614e+08
4.30129e+08
1.68375e+08
-9.63316e+07
-3.54674e+08
-5.97661e+08
-8.16948e+08
-1.00511e+09
-1.15592e+09
-1.26451e+09
-1.32756e+09
-1.34341e+09
-1.31204e+09
-1.23513e+09
-1.11591e+09
-9.59066e+08
-7.70559e+08
-5.57385e+08
-3.27323e+08
-8.86487e+07
1.5016e+08
3.80729e+08
5.95073e+08
7.85881e+08
9.46758e+08
1.07244e+09
1.15899e+09
1.20386e+09
1.20602e+09
1.16596e+09
1.08565e+09
9.68427e+08
8.18903e+08
6.42753e+08
4.46521e+08
2.37359e+08
2.27838e+07
-1.89608e+08
-3.92395e+08
-5.78602e+08
-7.4193e+08
-8.76978e+08
-9.79415e+08
-1.04612e+09
-1.07527e+09
-1.06639e+09
-1.02037e+09
-9.39354e+08
-8.26721e+08
-6.86892e+08
-5.25186e+08
-3.47611e+08
-1.60642e+08
2.90184e+07
2.14674e+08
3.89877e+08
5.48651e+08
6.85686e+08
7.96529e+08
8.77722e+08
9.269e+08
9.42873e+08
9.25635e+08
8.76349e+08
7.97293e+08
6.91745e+08
5.63872e+08
4.18548e+08
2.6118e+08
9.75028e+07
-6.66275e+07
-2.25442e+08
-3.73468e+08
-5.05709e+08
-6.17815e+08
-7.06233e+08
-7.68309e+08
-8.02366e+08
-8.07751e+08
-7.84835e+08
-7.3498e+08
-6.60469e+08
-5.64411e+08
-4.5062e+08
-3.23452e+08
-1.87651e+08
-4.81637e+07
9.00317e+07
2.22109e+08
3.43563e+08
4.50361e+08
5.39073e+08
6.06988e+08
6.52189e+08
6.73606e+08
6.71036e+08
6.45128e+08
5.97347e+08
5.29894e+08
4.45615e+08
3.47887e+08
2.40482e+08
1.2742e+08
1.28213e+07
-9.92433e+07
-2.04893e+08
-3.00584e+08
-3.83211e+08
-4.5022e+08
-4.99683e+08
-5.30347e+08
-5.41665e+08
-5.33795e+08
-5.0757e+08
-4.64459e+08
-4.06491e+08
-3.36158e+08
-2.56329e+08
-1.70119e+08
-8.07757e+07
8.44022e+06
9.43805e+07
1.74117e+08
2.45038e+08
3.04939e+08
3.5209e+08
3.85276e+08
4.03832e+08
4.07647e+08
3.97142e+08
3.73243e+08
3.37329e+08
2.9116e+08
2.36805e+08
1.76541e+08
1.12773e+08
4.79337e+07
-1.561e+07
-7.56424e+07
-1.30172e+08
-1.77505e+08
-2.16293e+08
-2.45564e+08
-2.64753e+08
-2.73699e+08
-2.72634e+08
-2.62157e+08
-2.43188e+08
-2.16925e+08
-1.8477e+08
-1.4828e+08
-1.09085e+08
-6.88216e+07
-2.90686e+07
8.72011e+06
4.32648e+07
7.34974e+07
9.86068e+07
1.18047e+08
1.31551e+08
1.39124e+08
1.41025e+08
1.37736e+08
1.29935e+08
1.18443e+08
1.04186e+08
8.81273e+07
7.12391e+07
5.4438e+07
3.85468e+07
2.42549e+07
1.2094e+07
2.41612e+06
-4.61929e+06
-9.04045e+06
-1.10533e+07
-1.10213e+07
-9.43908e+06
-6.89805e+06
-4.04405e+06
-1.53508e+06
0
