3.24596e+09
3.18882e+09
3.01945e+09
2.74383e+09
2.37166e+09
1.91606e+09
1.39309e+09
8.21172e+08
2.2045e+08
-3.87914e+08
-9.82499e+08
-1.54237e+09
-2.04782e+09
-2.48106e+09
-2.82687e+09
-3.07309e+09
-3.21109e+09
-3.23603e+09
-3.14709e+09
-2.94745e+09
-2.64416e+09
-2.24797e+09
-1.77286e+09
-1.23559e+09
-6.55108e+08
-5.18791e+07
5.52851e+08
1.13779e+09
1.68235e+09
2.16739e+09
2.57587e+09
2.89346e+09
3.10903e+09
3.21506e+09
3.2079e+09
3.08788e+09
2.85931e+09
2.53031e+09
2.11255e+09
1.6208e+09
1.07244e+09
4.8681e+08
-1.15434e+08
-7.1308e+08
-1.2851e+09
-1.81137e+09
-2.27342e+09
-2.65504e+09
-2.94288e+09
-3.1269e+09
-3.20073e+09
-3.16189e+09
-3.01186e+09
-2.75605e+09
-2.40358e+09
-1.96696e+09
-1.46165e+09
-9.05527e+08
-3.1822e+08
2.79562e+08
8.66766e+08
1.42274e+09
1.92795e+09
2.3647e+09
2.71768e+09
2.9746e+09
3.12655e+09
3.16832e+09
3.09859e+09
2.91998e+09
2.63893e+09
2.26548e+09
1.81291e+09
1.29727e+09
7.36795e+08
1.51281e+08
-4.38628e+08
-1.01217e+09
-1.54918e+09
-2.03083e+09
-2.44026e+09
-2.76318e+09
-2.98838e+09
-3.1081e+09
-3.1183e+09
-3.01884e+09
-2.81339e+09
-2.50938e+09
-2.11769e+09
-1.65225e+09
-1.12959e+09
-5.68195e+08
1.21026e+07
5.9085e+08
1.14769e+09
1.66307e+09
2.11894e+09
2.49939e+09
2.79117e+09
2.98421e+09
3.07193e+09
3.05145e+09
2.92372e+09
2.69347e+09
2.36903e+09
1.96199e+09
1.48689e+09
9.60562e+08
4.01654e+08
-1.70103e+08
-7.34565e+08
-1.27189e+09
-1.76325e+09
-2.19145e+09
-2.5416e+09
-2.80155e+09
-2.96238e+09
-3.01867e+09
-2.96871e+09
-2.81452e+09
-2.56176e+09
-2.2196e+09
-1.80028e+09
-1.31876e+09
-7.9213e+08
-2.39034e+08
3.21004e+08
8.68268e+08
1.38354e+09
1.84879e+09
2.24779e+09
2.56668e+09
2.79448e+09
2.92341e+09
2.94923e+09
2.87131e+09
2.6927e+09
2.41996e+09
2.06295e+09
1.63448e+09
1.14982e+09
6.26182e+08
8.21009e+07
-4.63231e+08
-9.90632e+08
-1.48161e+09
-1.91901e+09
-2.28762e+09
-2.57468e+09
-2.77037e+09
-2.86807e+09
-2.86467e+09
-2.76062e+09
-2.55988e+09
-2.26984e+09
-1.90097e+09
-1.46652e+09
-9.81969e+08
-4.64524e+08
6.7511e+07
5.9538e+08
1.10054e+09
1.5653e+09
1.97346e+09
2.31086e+09
2.5659e+09
2.72987e+09
2.79736e+09
2.76631e+09
2.63817e+09
2.4178e+09
2.11328e+09
1.73561e+09
1.29833e+09
8.17051e+08
3.08844e+08
-2.08325e+08
-7.1624e+08
-1.19708e+09
-1.63404e+09
-2.01193e+09
-2.31769e+09
-2.54085e+09
-2.67387e+09
-2.71245e+09
-2.65558e+09
-2.50565e+09
-2.26828e+09
-1.95217e+09
-1.56875e+09
-1.13177e+09
-6.56794e+08
-1.60681e+08
3.39046e+08
8.24805e+08
1.27958e+09
1.68752e+09
2.03448e+09
2.30851e+09
2.5003e+09
2.60345e+09
2.61471e+09
2.53407e+09
2.36478e+09
2.11316e+09
1.78842e+09
1.40228e+09
9.68586e+08
5.02792e+08
2.14085e+07
-4.58575e+08
-9.20298e+08
-1.34761e+09
-1.72566e+09
-2.04138e+09
-2.28396e+09
-2.44521e+09
-2.51984e+09
-2.50563e+09
-2.40348e+09
-2.21741e+09
-1.95434e+09
-1.62388e+09
-1.23797e+09
-8.10432e+08
-3.56485e+08
1.07792e+08
5.66032e+08
1.00216e+09
1.40097e+09
1.74862e+09
2.03315e+09
2.24488e+09
2.37672e+09
2.42445e+09
2.38681e+09
2.26554e+09
2.06535e+09
1.79365e+09
1.46036e+09
1.07751e+09
6.58799e+08
2.19131e+08
-2.25942e+08
-6.60755e+08
-1.07008e+09
-1.43968e+09
-1.75678e+09
-2.0105e+09
-2.19229e+09
-2.29613e+09
-2.3188e+09
-2.25994e+09
-2.12205e+09
-1.91042e+09
-1.63288e+09
-1.29954e+09
-9.22421e+08
-5.15012e+08
-9.17926e+07
3.32281e+08
7.42308e+08
1.12397e+09
1.464e+09
1.75072e+09
1.97434e+09
2.12737e+09
2.20484e+09
2.20448e+09
2.12673e+09
1.97478e+09
1.7544e+09
1.47374e+09
1.143e+09
7.74094e+08
3.8021e+08
-2.46711e+07
-4.26263e+08
-8.1048e+08
-1.16393e+09
-1.47439e+09
-1.73122e+09
-1.92571e+09
-2.05143e+09
-2.10438e+09
-2.08314e+09
-1.98892e+09
-1.82548e+09
-1.599e+09
-1.31782e+09
-9.92158e+08
-6.33732e+08
-2.55335e+08
1.29616e+08
5.07561e+08
8.65274e+08
1.19032e+09
1.4715e+09
1.69922e+09
1.86583e+09
1.96588e+09
1.99629e+09
1.95645e+09
1.84821e+09
1.67584e+09
1.44581e+09
1.16658e+09
8.48278e+08
5.0235e+08
1.41126e+08
-2.22609e+08
-5.76066e+08
-9.06904e+08
-1.20366e+09
-1.45615e+09
-1.65581e+09
-1.796e+09
-1.8722e+09
-1.88219e+09
-1.82607e+09
-1.70627e+09
-1.52745e+09
-1.2963e+09
-1.02131e+09
-7.12438e+08
-3.80769e+08
-3.81102e+07
3.0343e+08
6.3187e+08
9.35772e+08
1.20465e+09
1.42931e+09
1.60219e+09
1.7176e+09
1.77192e+09
1.76367e+09
1.69362e+09
1.56467e+09
1.3818e+09
1.15182e+09
8.83154e+08
5.85529e+08
2.69606e+08
-5.33868e+07
-3.72059e+08
-6.75257e+08
-9.52457e+08
-1.19413e+09
-1.39206e+09
-1.53963e+09
-1.63207e+09
-1.66655e+09
-1.6423e+09
-1.56064e+09
-1.42489e+09
-1.24023e+09
-1.01352e+09
-7.53055e+08
-4.68246e+08
-1.69278e+08
1.33241e+08
4.28667e+08
7.06689e+08
9.57688e+08
1.17307e+09
1.34558e+09
1.46949e+09
1.54086e+09
1.55761e+09
1.5196e+09
1.42861e+09
1.28828e+09
1.10393e+09
8.82403e+08
6.31776e+08
3.61089e+08
8.00076e+07
-2.01517e+08
-4.73602e+08
-7.26781e+08
-9.52328e+08
-1.14256e+09
-1.29112e+09
-1.39312e+09
-1.44541e+09
-1.44657e+09
-1.39699e+09
-1.29887e+09
-1.15605e+09
-9.73952e+08
-7.59293e+08
-5.19893e+08
-2.64369e+08
-1.82867e+06
2.58455e+08
5.0737e+08
7.36284e+08
9.37344e+08
1.10374e+09
1.22996e+09
1.31192e+09
1.34714e+09
1.33482e+09
1.27582e+09
1.17263e+09
1.02928e+09
8.51154e+08
6.44826e+08
4.17794e+08
1.78212e+08
-6.53984e+07
-3.04455e+08
-5.30614e+08
-7.36062e+08
-9.13784e+08
-1.05781e+09
-1.1634e+09
-1.22721e+09
-1.2474e+09
-1.22368e+09
-1.1573e+09
-1.05098e+09
-9.08849e+08
-7.36226e+08
-5.39461e+08
-3.25689e+08
-1.02572e+08
1.21973e+08
3.40056e+08
5.44092e+08
7.2706e+08
8.82751e+08
1.00597e+09
1.09272e+09
1.14031e+09
1.14747e+09
1.11435e+09
1.0425e+09
9.34841e+08
7.955e+08
6.29685e+08
4.43477e+08
2.43613e+08
3.72402e+07
-1.68337e+08
-3.65919e+08
-5.48656e+08
-7.10293e+08
-8.45378e+08
-9.49448e+08
-1.01917e+09
-1.05246e+09
-1.04853e+09
-1.0079e+09
-9.32375e+08
-8.24975e+08
-6.89799e+08
-5.31878e+08
-3.5699e+08
-1.71447e+08
1.8131e+07
2.05055e+08
3.82799e+08
5.45228e+08
6.8681e+08
8.02807e+08
8.89425e+08
9.43947e+08
9.64807e+08
9.51639e+08
9.05276e+08
8.27706e+08
7.21991e+08
5.92145e+08
4.42986e+08
2.79957e+08
1.08928e+08
-6.40169e+07
-2.32793e+08
-3.91529e+08
-5.34773e+08
-6.57676e+08
-7.56159e+08
-8.27042e+08
-8.68155e+08
-8.78392e+08
-8.57745e+08
-8.07289e+08
-7.29133e+08
-6.26335e+08
-5.02779e+08
-3.63037e+08
-2.12194e+08
-5.56655e+07
1.00995e+08
2.52296e+08
3.92994e+08
5.18282e+08
6.23949e+08
7.06521e+08
7.63376e+08
7.92824e+08
7.94156e+08
7.67661e+08
7.14598e+08
6.37142e+08
5.38302e+08
4.21796e+08
2.91921e+08
1.5339e+08
1.1163e+07
-1.29731e+08
-2.64369e+08
-3.88109e+08
-4.96747e+08
-5.8666e+08
-6.54926e+08
-6.99419e+08
-7.18873e+08
-7.12914e+08
-6.82067e+08
-6.27721e+08
-5.52074e+08
-4.58041e+08
-3.49148e+08
-2.29399e+08
-1.03126e+08
2.51646e+07
1.50951e+08
2.69856e+08
3.77801e+08
4.71142e+08
5.46797e+08
6.02338e+08
6.36077e+08
6.47115e+08
6.35354e+08
6.01503e+08
5.47034e+08
4.74123e+08
3.85564e+08
2.84665e+08
1.75123e+08
6.08899e+07
-5.39709e+07
-1.65426e+08
-2.69616e+08
-3.62985e+08
-4.42407e+08
-5.05284e+08
-5.49634e+08
-5.7415e+08
-5.78241e+08
-5.62035e+08
-5.26377e+08
-4.72777e+08
-4.03356e+08
-3.20761e+08
-2.28065e+08
-1.28653e+08
-2.61004e+07
7.59578e+07
1.73953e+08
2.64507e+08
3.44551e+08
4.11428e+08
4.62975e+08
4.97601e+08
5.14329e+08
5.12823e+08
4.93391e+08
4.56966e+08
4.05064e+08
3.39719e+08
2.63413e+08
1.78974e+08
8.94737e+07
-1.8789e+06
-9.18582e+07
-1.77332e+08
-2.55371e+08
-3.23348e+08
-3.79029e+08
-4.20639e+08
-4.46927e+08
-4.57194e+08
-4.51314e+08
-4.29729e+08
-3.93424e+08
-3.43888e+08
-2.8305e+08
-2.13207e+08
-1.3694e+08
-5.70133e+07
2.3718e+07
1.02415e+08
1.76352e+08
2.4301e+08
3.00165e+08
3.45957e+08
3.78955e+08
3.98195e+08
4.03214e+08
3.9405e+08
3.71241e+08
3.35793e+08
2.89142e+08
2.33093e+08
1.69753e+08
1.01453e+08
3.06606e+07
-4.01059e+07
-1.08369e+08
-1.71777e+08
-2.28186e+08
-2.7573e+08
-3.12882e+08
-3.38506e+08
-3.51886e+08
-3.52746e+08
-3.41254e+08
-3.1801e+08
-2.84013e+08
-2.40625e+08
-1.89516e+08
-1.326e+08
-7.19611e+07
-9.78376e+06
5.17305e+07
1.10439e+08
1.64331e+08
2.11598e+08
2.50694e+08
2.80383e+08
2.99779e+08
3.08374e+08
3.06042e+08
2.93047e+08
2.7002e+08
2.37932e+08
1.98059e+08
1.51925e+08
1.0125e+08
4.7885e+07
-6.25773e+06
-5.92692e+07
-1.09313e+08
-1.54687e+08
-1.93882e+08
-2.25631e+08
-2.48949e+08
-2.63165e+08
-2.67936e+08
-2.63256e+08
-2.49454e+08
-2.27168e+08
-1.97325e+08
-1.61102e+08
-1.19876e+08
-7.51784e+07
-2.86336e+07
1.80965e+07
6.33732e+07
1.05637e+08
1.43462e+08
1.75602e+08
2.01034e+08
2.18986e+08
2.28962e+08
2.30757e+08
2.24453e+08
2.10417e+08
1.89278e+08
1.61904e+08
1.29366e+08
9.28968e+07
5.38432e+07
1.36195e+07
-2.63453e+07
-6.46571e+07
-1.00006e+08
-1.31208e+08
-1.57249e+08
-1.77312e+08
-1.90806e+08
-1.9738e+08
-1.96934e+08
-1.89613e+08
-1.75803e+08
-1.56108e+08
-1.31328e+08
-1.02427e+08
-7.04921e+07
-3.66999e+07
-2.26757e+06
3.15876e+07
6.36921e+07
9.2956e+07
1.18409e+08
1.39235e+08
1.54794e+08
1.64642e+08
1.68547e+08
1.66486e+08
1.58649e+08
1.45421e+08
1.27371e+08
1.05225e+08
7.98388e+07
5.21644e+07
2.32151e+07
-5.97077e+06
-3.43674e+07
-6.0997e+07
-8.4963e+07
-1.0548e+08
-1.219e+08
-1.33731e+08
-1.4065e+08
-1.42516e+08
-1.39365e+08
-1.3141e+08
-1.19027e+08
-1.02738e+08
-8.31954e+07
-6.1148e+07
-3.74192e+07
-1.28738e+07
1.16128e+07
3.51849e+07
5.7037e+07
7.64405e+07
9.27676e+07
1.05512e+08
1.14302e+08
1.18915e+08
1.19277e+08
1.15465e+08
1.07702e+08
9.63422e+07
8.18606e+07
6.48305e+07
4.59021e+07
2.57785e+07
5.18925e+06
-1.51352e+07
-3.44897e+07
-5.22183e+07
-6.77364e+07
-8.05493e+07
-9.02681e+07
-9.66211e+07
-9.94597e+07
-9.87625e+07
-9.46322e+07
-8.72892e+07
-7.7062e+07
-6.43725e+07
-4.97198e+07
-3.36603e+07
-1.67876e+07
290063
1.69705e+07
3.26795e+07
4.68897e+07
5.91382e+07
6.90414e+07
7.63067e+07
8.07407e+07
8.22535e+07
8.08598e+07
7.66754e+07
6.99117e+07
6.08653e+07
4.99057e+07
3.74612e+07
2.40018e+07
1.00222e+07
-3.97639e+06
-1.7504e+07
-3.00988e+07
-4.13424e+07
-5.08738e+07
-5.84008e+07
-6.37082e+07
-6.66638e+07
-6.72212e+07
-6.54188e+07
-6.13769e+07
-5.52914e+07
-4.74249e+07
-3.80962e+07
-2.76674e+07
-1.65303e+07
-5.09174e+06
6.24062e+06
1.70733e+07
2.70398e+07
3.58132e+07
4.31167e+07
4.87318e+07
5.25045e+07
5.43494e+07
5.4251e+07
5.2262e+07
4.85001e+07
4.31421e+07
3.64163e+07
2.85929e+07
1.99738e+07
1.08811e+07
1.64494e+06
-7.40803e+06
-1.5966e+07
-2.37427e+07
-3.04866e+07
-3.59891e+07
-4.00905e+07
-4.26845e+07
-4.37203e+07
-4.32033e+07
-4.11928e+07
-3.77991e+07
-3.31782e+07
-2.75245e+07
-2.10636e+07
-1.40434e+07
-6.72434e+06
629309
7.75957e+06
1.44232e+07
2.04001e+07
2.55002e+07
2.95694e+07
3.24941e+07
3.42037e+07
3.46725e+07
3.39189e+07
3.20034e+07
2.90258e+07
2.51202e+07
2.04494e+07
1.51984e+07
9.56761e+06
3.76461e+06
-2.00276e+06
-7.53387e+06
-1.26421e+07
-1.71612e+07
-2.09502e+07
-2.38978e+07
-2.59258e+07
-2.699e+07
-2.70817e+07
-2.62263e+07
-2.44819e+07
-2.19357e+07
-1.87006e+07
-1.49105e+07
-1.07144e+07
-6.2713e+06
-1.74401e+06
2.70663e+06
6.92737e+06
1.07776e+07
1.41341e+07
1.68946e+07
1.89809e+07
2.03409e+07
2.09495e+07
2.08089e+07
1.99472e+07
1.84172e+07
1.62933e+07
1.36684e+07
1.06503e+07
7.35683e+06
3.91196e+06
441004
-2.93391e+06
-6.09781e+06
-8.94692e+06
-1.13917e+07
-1.33599e+07
-1.47982e+07
-1.56736e+07
-1.59739e+07
-1.57076e+07
-1.49027e+07
-1.36052e+07
-1.18769e+07
-9.79244e+06
-7.43672e+06
-4.90122e+06
-2.28069e+06
330358
2.84094e+06
5.16671e+06
7.23267e+06
8.97546e+06
1.03453e+07
1.13072e+07
1.18416e+07
1.19448e+07
1.16283e+07
1.09177e+07
9.85195e+06
8.4807e+06
6.86286e+06
5.06375e+06
3.15279e+06
1.20082e+06
-722406
-2.55065e+06
-4.22345e+06
-5.68794e+06
-6.90051e+06
-7.82803e+06
-8.44857e+06
-8.75179e+06
-8.7389e+06
-8.42215e+06
-7.82403e+06
-6.97604e+06
-5.91728e+06
-4.69283e+06
-3.35185e+06
-1.94573e+06
-526163
856639
2.1557e+06
3.32884e+06
4.33996e+06
5.16001e+06
5.76786e+06
6.15068e+06
6.30403e+06
6.23175e+06
5.94547e+06
5.4639e+06
4.81185e+06
4.01912e+06
3.11928e+06
2.14829e+06
1.14314e+06
140459
-824721
-1.72013e+06
-2.51738e+06
-3.19271e+06
-3.72768e+06
-4.10963e+06
-4.33183e+06
-4.39352e+06
-4.29963e+06
-4.06035e+06
-3.69061e+06
-3.20929e+06
-2.63834e+06
-2.00194e+06
-1.32548e+06
-634597
45710
692011
1.28318e+06
1.80105e+06
2.23091e+06
2.56194e+06
2.78735e+06
2.90447e+06
2.91462e+06
2.8229e+06
2.63778e+06
2.3707e+06
2.03541e+06
1.64748e+06
1.22348e+06
780455
335218
-96255
-499381
-861395
-1.17179e+06
-1.42254e+06
-1.60825e+06
-1.72629e+06
-1.77666e+06
-1.76189e+06
-1.68677e+06
-1.55806e+06
-1.38409e+06
-1.17436e+06
-939103
-688861
-434000
-184355
51168.5
264882
450502
603405
720631
800946
844768
854006
831899
782775
711794
624639
527170
425230
324274
229154
143898
71575
14181.6
-27426.9
-53494.9
-65302
-65040.1
-55654.6
-40644.9
-23816.6
-9037.49
0
