1
0.960283
0.877568
0.771282
0.646009
0.515135
0.39243
0.285039
0.196708
0.130296
0.0823327
0.0497639
0.0290775
0.0162465
0.00878667
0.00472939
0.00264822
0.00164589
0.00114745
0.000905184
0.000745891
0.000573885
0.000394328
0.000202621
-4.0821e-05
-0.000231515
-0.000328779
-0.00023348
0.00012891
0.000879569
0.00224393
0.0043902
0.00762678
0.0124291
0.0190339
0.0272453
0.0353768
0.0426405
0.0478469
0.051426
0.0514258
0.0475831
0.0402185
0.0290521
0.0163442
0.00486074
-0.00495895
-0.0128648
-0.0177301
-0.0201655
-0.0207966
-0.0203857
-0.0186343
-0.0164245
-0.0148905
-0.0150637
-0.0167525
-0.0208941
-0.0267023
-0.0347579
-0.0438864
-0.0541235
-0.0648905
-0.0737313
-0.0812729
-0.0866388
-0.0887032
-0.0885113
-0.0859309
-0.0808007
-0.0741016
-0.0673141
-0.0619603
-0.0579913
-0.0558041
-0.0563004
-0.0603308
-0.0682663
-0.0795009
-0.0931963
-0.107611
-0.123295
-0.139984
-0.156435
-0.169518
-0.178608
-0.181741
-0.178389
-0.16908
-0.15222
-0.131473
-0.107985
-0.0856399
-0.0646438
-0.046491
-0.0322652
-0.0210726
-0.0132465
-0.00782105
-0.00415938
-0.00134676
0.00135428
0.00477037
0.00963463
0.0168346
0.0276123
0.0425643
0.0621672
0.0855656
0.110724
0.140993
0.172486
0.193436
0.207979
0.221779
0.221849
0.207114
0.187788
0.162971
0.135725
0.108484
0.0814062
0.0585423
0.0406469
0.0273701
0.0190269
0.0132792
0.0103264
0.00888459
0.0086854
0.0089475
0.00942539
0.0098051
0.00999003
0.00999455
0.0099176
0.009847
0.00999626
0.0111627
0.0140974
0.0197802
0.0295267
0.045274
0.0695035
0.104649
0.150572
0.203444
0.26456
0.323013
0.376969
0.423364
0.452294
0.457646
0.435515
0.395506
0.345011
0.287134
0.22733
0.169586
0.120735
0.0821014
0.0526564
0.0319366
0.0180801
0.00936809
0.00416481
0.00105096
-0.00105238
-0.00308663
-0.00559258
-0.00904087
-0.0135868
-0.0203108
-0.0289723
-0.0386944
-0.049972
-0.0626792
-0.0732477
-0.0818916
-0.0891904
-0.0921129
-0.0906346
-0.0871854
-0.0815674
-0.0740113
-0.0649733
-0.0565002
-0.0489145
-0.0418883
-0.0363417
-0.0322903
-0.0300109
-0.0294553
-0.0304532
-0.0323651
-0.0351611
-0.0382881
-0.041293
-0.0442447
-0.0465405
-0.0469724
-0.0459612
-0.0441271
-0.0413266
-0.0371598
-0.0322817
-0.027439
-0.0230533
-0.01957
-0.0171575
-0.0161602
-0.0166181
-0.0186304
-0.0224444
-0.0268827
-0.0312017
-0.0343382
-0.0364886
-0.0374766
-0.0370948
-0.0336106
-0.0276084
-0.0189557
-0.00882366
0.000263933
0.00790779
0.0139032
0.0182935
0.0198545
0.0198236
0.0181473
0.015116
0.01131
0.0078492
0.00515934
0.00319472
0.00162055
0.000612243
-2.78763e-05
-0.000267073
-0.000340242
-0.000324496
-0.000265306
-0.000187322
-0.000113519
-4.22521e-05
2.96863e-05
0.000128004
0.000285885
0.000616075
0.00131499
0.00265113
0.00526094
0.00983717
0.0174568
0.0307093
0.0513948
0.0810421
0.124853
0.180209
0.247308
0.332017
0.428731
0.520152
0.600901
0.663342
0.695964
0.687869
0.642193
0.571908
0.48737
0.397645
0.309666
0.226881
0.159225
0.10673
0.0681143
0.0417301
0.0239438
0.0132554
0.00709991
0.00387189
0.00225343
0.00150762
0.00114736
0.000955216
0.000841753
0.000746367
0.000642544
0.000515074
0.000365455
0.000233308
0.000141606
9.64295e-05
0.000138475
0.000303636
0.000705936
0.00142438
0.00263605
0.00444713
0.00683121
0.0100007
0.0147451
0.0200268
0.0260765
0.0297669
0.03169
0.0308157
0.0279155
0.023376
0.0175006
0.012056
0.00675716
0.00255354
-0.000564516
-0.00258958
-0.00352016
-0.00377556
-0.00369829
-0.00361655
-0.00372546
-0.00442068
-0.00585022
-0.00838862
-0.012191
-0.0171651
-0.0234105
-0.0302433
-0.037301
-0.0439486
-0.0493117
-0.0534435
-0.0556506
-0.0557654
-0.0538352
-0.0508384
-0.0473421
-0.0429774
-0.0387599
-0.0356653
-0.0340036
-0.0347882
-0.0377805
-0.043172
-0.0503883
-0.058916
-0.0683191
-0.0776594
-0.0879289
-0.0986471
-0.10878
-0.115939
-0.119116
-0.118894
-0.1149
-0.106766
-0.0944388
-0.0793619
-0.0637228
-0.0490415
-0.0363241
-0.0255971
-0.0171058
-0.0108561
-0.00650673
-0.00369141
-0.00188796
-0.000661667
0.000394105
0.00155231
0.00304795
0.00502914
0.0075608
0.0105736
0.0137481
0.0166509
0.0189771
0.0205033
0.0210975
0.0207046
0.0192609
0.0169058
0.0140334
0.0109933
0.00816043
0.00570645
0.00382215
0.00240284
0.0014458
0.000934211
0.000751845
0.000784392
0.00097463
0.0012436
0.00160323
0.0019763
0.00239753
0.0027034
0.00311452
0.00326274
0.00341228
0.00343096
0.00340952
0.0035849
0.00413813
0.00562551
0.008572
0.0137227
0.0223243
0.0363919
0.0565076
0.0840605
0.118688
0.159961
0.206609
0.251754
0.288877
0.312649
0.320035
0.311022
0.286817
0.252935
0.211892
0.168338
0.127037
0.0909425
0.0618763
0.0400151
0.024457
0.0138398
0.00728452
0.00356087
0.00158364
0.00062868
0.000202393
4.26923e-06
-0.000111187
-0.000202563
-0.000297833
-0.000419751
-0.000579162
-0.000773551
-0.000972607
-0.00116099
-0.0012907
-0.00141861
-0.00147092
-0.00148081
-0.00133706
-0.00117099
-0.000921528
-0.000757175
-0.000546063
-0.000385496
-0.000191457
-9.04706e-05
-2.74834e-05
-1.28887e-05
-2.4468e-06
-7.54052e-07
-2.0552e-07
-3.56997e-07
-9.21131e-07
-2.47341e-06
-5.61627e-06
-1.1995e-05
-2.52299e-05
-4.54575e-05
-7.82268e-05
-0.000137284
-0.00022699
-0.000370023
-0.00059838
-0.00088995
-0.00130419
-0.00189995
-0.00271339
-0.00390597
-0.00544629
-0.00720151
-0.00935644
-0.011956
-0.0149934
-0.0179332
-0.0205986
-0.0218525
-0.0229105
-0.0226011
-0.0217972
-0.0188988
-0.0155581
-0.0118944
-0.00865153
-0.00612635
-0.00393103
-0.00237433
-0.00121127
-0.000599648
-0.000243369
-9.18763e-05
-2.95497e-05
-1.12967e-05
-3.691e-06
-8.5932e-07
-2.6443e-07
-4.96106e-08
-4.88741e-09
-2.36586e-11
2.26992e-11
6.12917e-11
3.78588e-11
2.71551e-11
0
0
0
0
0
0
0
0
0
0
0
0
0
0
0
0
0
0
0
0
0
0
0
0
0
0
0
0
0
0
0
0
0
0
0
0
0
0
0
0
0
0
0
0
0
0
0
0
0
0
0
0
0
0
0
0
0
0
0
0
0
0
0
0
0
0
0
0
0
0
0
0
0
0
0
0
0
0
0
0
0
0
0
0
0
0
0
0
0
0
0
0
0
0
0
0
0
0
0
0
0
0
0
0
0
0
0
0
0
0
0
0
0
0
0
0
0
0
0
0
0
0
0
0
0
0
0
0
0
0
0
0
0
0
0
0
0
0
0
0
0
0
0
0
0
0
0
0
0
0
0
0
0
0
0
0
0
0
0
0
0
0
0
0
0
0
0
0
0
0
0
0
0
0
0
0
0
0
0
0
0
0
0
0
0
0
0
0
0
0
0
0
0
0
0
0
0
0
0
0
0
0
0
0
0
0
0
0
0
0
0
0
0
0
0
0
0
0
0
0
0
0
0
0
0
0
0
0
0
0
0
0
0
0
0
0
0
0
0
0
0
0
0
0
0
0
0
0
0
0
0
0
0
0
0
0
0
0
0
0
0
0
0
0
0
0
0
0
0
0
0
0
0
0
0
0
0
0
0
0
0
0
0
0
0
0
0
0
0
0
0
0
0
0
0
0
0
0
0
0
0
0
0
0
0
0
0
0
0
0
0
0
0
0
0
0
0
0
0
0
0
0
0
0
0
0
0
0
0
0
0
0
0
0
0
0
0
0
0
0
0
0
0
0
0
0
0
0
0
0
0
0
0
0
0
0
0
0
0
0
0
0
0
0
0
0
0
0
0
0
0
0
0
0
0
0
0
0
0
0
0
0
0
0
0
0
0
0
0
0
0
0
0
0
0
0
0
0
0
0
0
0
0
0
0
0
0
0
0
0
0
0
0
0
0
0
0
0
0
0
0
0
0
0
0
0
0
0
0
0
0
0
0
0
0
0
0
0
0
0
0
0
0
0
0
0
0
0
0
0
0
0
0
0
0
0
0
0
0
0
0
0
0
0
0
0
0
0
0
0
0
0
0
0
0
0
0
0
0
0
0
0
0
0
0
0
0
0
0
0
0
0
0
0
0
0
0
0
0
0
0
0
0
0
0
0
0
0
0
0
0
0
