1
0.98207
0.929656
0.844665
0.730147
0.590189
0.429759
0.254538
0.0707148
-0.115231
-0.29676
-0.467498
-0.621465
-0.753281
-0.858355
-0.933049
-0.974795
-0.982194
-0.95505
-0.89439
-0.802412
-0.68241
-0.53866
-0.376262
-0.200964
-0.0189523
0.16336
0.339564
0.503477
0.649362
0.772128
0.867504
0.932195
0.963986
0.961828
0.925864
0.857428
0.758992
0.634075
0.487124
0.323349
0.148541
-0.0311311
-0.209342
-0.379831
-0.536619
-0.674224
-0.787848
-0.873545
-0.928359
-0.950429
-0.939044
-0.894677
-0.818951
-0.714594
-0.585336
-0.435769
-0.271195
-0.0974294
0.0794006
0.253072
0.417487
0.566885
0.696045
0.80047
0.87654
0.921641
0.934252
0.913996
0.861657
0.779139
0.669409
0.536379
0.384775
0.219966
0.0477737
-0.125734
-0.294456
-0.452471
-0.594247
-0.714833
-0.810038
-0.876569
-0.912147
-0.915587
-0.886837
-0.826977
-0.738178
-0.623621
-0.487389
-0.334319
-0.169826
0.000283264
0.170017
0.333409
0.484729
0.618686
0.730607
0.816605
0.873715
0.899991
0.894576
0.857729
0.790816
0.69625
0.577419
0.438552
0.284572
0.120928
-0.0466091
-0.212141
-0.369853
-0.514219
-0.640194
-0.743389
-0.820228
-0.868069
-0.885293
-0.871361
-0.826836
-0.753345
-0.65354
-0.530984
-0.390039
-0.235698
-0.0734166
0.0910834
0.252015
0.403729
0.540914
0.658779
0.753224
0.820985
0.859738
0.868185
0.846099
0.794325
0.714749
0.610231
0.484502
0.342029
0.187857
0.0274327
-0.133591
-0.289553
-0.434983
-0.564793
-0.674456
-0.760163
-0.818956
-0.848831
-0.848804
-0.818944
-0.76037
-0.675207
-0.566507
-0.438148
-0.294686
-0.141199
0.0168956
0.17403
0.324683
0.463575
0.585852
0.687253
0.764262
0.814231
0.835467
0.82729
0.790056
0.725142
0.634895
0.522546
0.392095
0.248172
0.0958655
-0.0594503
-0.212309
-0.357345
-0.489478
-0.604094
-0.697207
-0.765594
-0.806912
-0.819773
-0.803791
-0.759598
-0.688815
-0.593993
-0.478522
-0.346511
-0.202639
-0.0519918
0.10012
0.248345
0.387485
0.51267
0.619534
0.704367
0.764237
0.797105
0.801878
0.778458
0.727736
0.651564
0.552678
0.434611
0.301559
0.158236
0.00970368
-0.138804
-0.282068
-0.415065
-0.533146
-0.6322
-0.708789
-0.760281
-0.784924
-0.781922
-0.751447
-0.694641
-0.613564
-0.511126
-0.390982
-0.257398
-0.115104
0.0308789
0.175409
0.313412
0.440053
0.55091
0.642125
0.710545
0.75382
0.770495
0.760051
0.722921
0.660482
0.574991
0.469511
0.347801
0.214179
0.073373
-0.0696504
-0.209859
-0.342332
-0.462434
-0.565975
-0.649359
-0.709709
-0.744962
-0.753944
-0.736408
-0.693039
-0.625428
-0.536015
-0.427997
-0.305222
-0.172042
-0.0331648
0.106514
0.242083
0.368789
0.482201
0.578369
0.65396
0.706369
0.733817
0.735407
0.711148
0.661965
0.58965
0.496807
0.386753
0.263403
0.131126
-0.00540369
-0.141378
-0.272019
-0.392751
-0.499355
-0.588125
-0.655988
-0.700617
-0.720506
-0.715022
-0.684428
-0.629865
-0.553318
-0.457536
-0.345938
-0.222489
-0.0915598
0.0422281
0.174165
0.29962
0.4142
0.513911
0.595289
0.655523
0.692556
0.705152
0.692934
0.656402
0.596906
0.516602
0.418368
0.305708
0.182622
0.0534628
-0.0772126
-0.204807
-0.324847
-0.433133
-0.525895
-0.599916
-0.652647
-0.682296
-0.687888
-0.669293
-0.627233
-0.563254
-0.479665
-0.379462
-0.266211
-0.143932
-0.016946
0.110271
0.233246
0.347672
0.449551
0.535341
0.602072
0.647454
0.669955
0.668852
0.644249
0.597084
0.529076
0.442676
0.340976
0.227593
0.106547
-0.0178864
-0.141325
-0.259434
-0.368078
-0.463469
-0.542292
-0.601828
-0.640041
-0.655653
-0.648181
-0.617958
-0.566113
-0.494533
-0.405792
-0.30306
-0.189989
-0.0705831
0.0509423
0.170311
0.283334
0.38606
0.47491
0.546804
0.599269
0.630518
0.639519
0.626024
0.590575
0.534486
0.45979
0.369171
0.26586
0.153528
0.0361488
-0.0821367
-0.19717
-0.304918
-0.401618
-0.483907
-0.548939
-0.594481
-0.618995
-0.621684
-0.602525
-0.562256
-0.502362
-0.425007
-0.332965
-0.229516
-0.118332
-0.0033441
0.111396
0.221857
0.324171
0.41477
0.490507
0.54877
0.587566
0.605595
0.602291
0.577839
0.533165
0.469904
0.390341
0.297323
0.194162
0.0845168
-0.0277402
-0.138656
-0.244337
-0.341088
-0.425539
-0.494763
-0.546377
-0.578627
-0.590444
-0.581479
-0.552117
-0.503456
-0.437271
-0.355946
-0.262388
-0.159925
-0.0521873
0.0570216
0.16386
0.264583
0.355672
0.433958
0.496735
0.541849
0.567777
0.573671
0.559393
0.525513
0.473288
0.404617
0.321967
0.228292
0.12692
0.0214391
-0.0844303
-0.186967
-0.282582
-0.367937
-0.440072
-0.496496
-0.535284
-0.555133
-0.555412
-0.536181
-0.498183
-0.442819
-0.372096
-0.288553
-0.19517
-0.0952616
0.0076375
0.109902
0.207942
0.298327
0.37791
0.443933
0.494126
0.526782
0.540818
0.535806
0.511992
0.470282
0.412204
0.339858
0.255839
0.16314
0.0650502
-0.0349652
-0.133385
-0.226758
-0.311823
-0.385621
-0.445602
-0.48971
-0.516454
-0.524959
-0.514994
-0.486978
-0.441963
-0.381593
-0.308047
-0.223959
-0.132321
-0.0363819
0.0604724
0.154836
0.243403
0.323084
0.391115
0.44515
0.483343
0.504414
0.50769
0.493121
0.46129
0.413381
0.351139
0.276806
0.19304
0.102821
0.00934187
-0.0840999
-0.174222
-0.257872
-0.332137
-0.394445
-0.442654
-0.475128
-0.490786
-0.489146
-0.470334
-0.435081
-0.384688
-0.320986
-0.246268
-0.163202
-0.0747378
0.0159937
0.105797
0.191521
0.270172
0.339015
0.395672
0.438203
0.465172
0.475694
0.469469
0.446783
0.408501
0.356032
0.291278
0.216564
0.134556
0.0481645
-0.0395576
-0.125523
-0.206721
-0.280318
-0.343762
-0.394867
-0.43189
-0.45359
-0.459271
-0.448801
-0.422616
-0.381703
-0.327562
-0.262151
-0.187817
-0.107208
-0.0231834
0.0612919
0.143248
0.219819
0.288337
0.346431
0.392108
0.423816
0.440504
0.441651
0.427286
0.397982
0.354834
0.299419
0.233737
0.160143
0.0812545
-0.000132749
-0.0811496
-0.158952
-0.230823
-0.294264
-0.347085
-0.38748
-0.414087
-0.426034
-0.422969
-0.405068
-0.373028
-0.328039
-0.27174
-0.206162
-0.13365
-0.056783
0.0217188
0.0990912
0.172622
0.239748
0.298141
0.345791
0.381076
0.402816
0.410311
0.403366
0.382293
0.347901
0.30146
0.244659
0.179543
0.108439
0.0338725
-0.0415211
-0.11509
-0.18426
-0.246623
-0.300023
-0.342629
-0.372997
-0.390122
-0.393467
-0.382984
-0.359109
-0.322748
-0.275239
-0.218306
-0.153997
-0.0846063
-0.012596
0.0594915
0.129125
0.193871
0.251482
0.299972
0.337683
0.363347
0.376126
0.375637
0.361965
0.33566
0.29771
0.249509
0.192803
0.129628
0.0622356
-0.00698562
-0.0755953
-0.141187
-0.201475
-0.25437
-0.298055
-0.331044
-0.352238
-0.360955
-0.356956
-0.340452
-0.312089
-0.272928
-0.224402
-0.168267
-0.106534
-0.0414039
0.0248198
0.0898056
0.151278
0.2071
0.255342
0.294353
0.322815
0.339788
0.344742
0.33757
0.318592
0.288543
0.24854
0.200045
0.144809
0.0848093
0.0221808
-0.0408626
-0.102105
-0.159408
-0.210783
-0.254459
-0.28895
-0.313099
-0.326118
-0.327618
-0.317614
-0.296525
-0.265158
-0.224675
-0.176554
-0.122529
-0.0645323
-0.00462407
0.055081
0.112488
0.165597
0.212568
0.251792
0.281939
0.302007
0.311356
0.309722
0.297232
0.274394
0.242074
0.201465
0.154047
0.101526
0.0457803
-0.0112145
-0.0674491
-0.120955
-0.169871
-0.21251
-0.247418
-0.273418
-0.289656
-0.295627
-0.291189
-0.276566
-0.252339
-0.219422
-0.179029
-0.132628
-0.0818871
-0.0286171
0.0252956
0.077954
0.127519
0.172272
0.210674
0.241423
0.263492
0.276166
0.279066
0.272158
0.255755
0.230497
0.197334
0.157485
0.112398
0.0636907
0.0130991
-0.0375876
-0.08659
-0.132201
-0.172844
-0.207129
-0.233899
-0.252271
-0.261661
-0.261807
-0.252771
-0.234939
-0.209003
-0.175933
-0.136945
-0.0934494
-0.0470088
0.000725362
0.048068
0.0933612
0.135031
0.171644
0.201954
0.224946
0.239872
0.246271
0.243986
0.233165
0.214257
0.187989
0.155341
0.117512
0.0758691
0.0319055
-0.0128173
-0.056724
-0.0982811
-0.13605
-0.168736
-0.195235
-0.214669
-0.226415
-0.230127
-0.225741
-0.213481
-0.193843
-0.16758
-0.13567
-0.099282
-0.0597309
-0.0184317
0.0231507
0.0635554
0.101375
0.135306
0.164193
0.187066
0.203178
0.212025
0.213362
0.20721
0.193854
0.17383
0.1479
0.117029
0.082346
0.0451042
0.00663364
-0.0317044
-0.0685665
-0.102674
-0.132856
-0.158092
-0.177544
-0.190588
-0.196827
-0.19611
-0.18853
-0.174422
-0.154346
-0.129065
-0.0995195
-0.0667881
-0.0320515
0.00345105
0.0384666
0.0717718
0.102216
0.128762
0.15052
0.166775
0.177018
0.180952
0.178508
0.169839
0.155318
0.135517
0.111189
0.0832362
0.0526804
0.0206218
-0.0117983
-0.0434389
-0.073199
-0.100056
-0.123102
-0.141572
-0.154872
-0.162594
-0.164535
-0.160693
-0.151273
-0.136672
-0.117462
-0.0943748
-0.0682662
-0.0400892
-0.0108573
0.018391
0.04663
0.072882
0.0962513
0.115955
0.131348
0.141948
0.147443
0.147708
0.142802
0.132966
0.118609
0.100296
0.0787217
0.054688
0.0290707
0.00279047
-0.0232223
-0.0480588
-0.0708646
-0.0908684
-0.107408
-0.119955
-0.128124
-0.131694
-0.130607
-0.12497
-0.115048
-0.101253
-0.0841276
-0.0643226
-0.042574
-0.0196747
0.00355404
0.0262924
0.0477505
0.0671964
0.0839799
0.0975555
0.1075
0.113523
0.115479
0.113368
0.107331
0.0976491
0.0847219
0.0690606
0.0512619
0.0319883
0.0119417
-0.00816025
-0.0276112
-0.0457408
-0.061937
-0.0756673
-0.0864964
-0.0940992
-0.0982703
-0.0989299
-0.0961232
-0.0900172
-0.0808914
-0.0691267
-0.05519
-0.039615
-0.0229826
-0.00589888
0.0110267
0.0272029
0.0420781
0.0551583
0.0660234
0.0743413
0.0798773
0.0825004
0.0821856
0.0790125
0.0731605
0.0648991
0.054577
0.0426077
0.0294532
0.0156058
0.0015703
-0.0121549
-0.0250945
-0.0368143
-0.046934
-0.0551411
-0.0611991
-0.0649546
-0.0663408
-0.0653769
-0.0621651
-0.056885
-0.0497853
-0.0411712
-0.0313941
-0.0208354
-0.00989306
0.00103372
0.0115593
0.021325
0.0300112
0.0373477
0.0431225
0.0471869
0.0494596
0.0499269
0.0486403
0.0457132
0.0413147
0.0356601
0.0290029
0.021622
0.013812
0.00587071
-0.00191185
-0.00926436
-0.0159429
-0.0217401
-0.0264906
-0.0300756
-0.0324258
-0.0335214
-0.033391
-0.0321078
-0.0297846
-0.026568
-0.0226298
-0.0181606
-0.0133603
-0.00842898
-0.00356019
0.001068
0.00529888
0.00900165
0.0120769
0.0144579
0.0161118
0.0170393
0.0172721
0.0168694
0.0159138
0.0145064
0.0127603
0.0107934
0.00872505
0.00666734
0.00472104
0.00297064
0.00148122
0.000295916
-0.000565751
-0.00110724
-0.00135376
-0.00134984
-0.00115606
-0.000844844
-0.000495298
-0.000188011
0
