-2.91434e-15
-3.59955e-17
-4.44523e-18
-5.01444e-19
-5.52943e-18
-1.12757e-17
-6.61745e-23
8.84709e-17
1.62093e-14
1.02696e-14
3.36536e-16
4.0766e-17
5.27356e-15
1.29896e-14
2.91434e-15
1.49078e-19
4.92356e-315
-9.52913e-22
-1.43996e-20
-1.17094e-17
-5.0654e-16
-5.27356e-15
-1.86518e-14
-3.01981e-14
-3.61933e-14
-8.9262e-14
-4.40537e-13
-4.32987e-14
-2.63678e-16
-5.89806e-17
-5.27356e-16
-2.13718e-15
-1.97759e-16
-2.10064e-19
5.37668e-24
1.21431e-17
2.11636e-16
6.07153e-17
1.70697e-15
4.996e-16
2.70617e-16
5.55112e-17
2.498e-16
2.498e-16
1.22125e-15
1.36609e-17
2.03288e-19
6.91179e-19
3.44169e-15
1.00364e-13
5.55112e-14
1.20459e-14
2.46331e-16
2.39392e-16
1.42941e-15
7.27196e-15
8.06647e-17
-2.40741e-35
-2.6563e-18
-1.64799e-17
-9.19404e-17
-3.13638e-15
-4.88498e-14
-4.50751e-14
-1.09357e-14
-2.47025e-15
-3.38618e-15
-5.27356e-16
-8.1532e-17
-1.65341e-18
-1.55854e-19
-2.81893e-17
-6.85216e-17
-6.09864e-20
2.96462e-21
8.65974e-15
1.17129e-14
1.17961e-15
3.33934e-17
2.13718e-15
1.01585e-14
8.54872e-15
5.74627e-18
4.84676e-27
-4.23517e-22
-2.5411e-20
-1.84314e-18
-4.51028e-16
-2.9976e-15
-1.74305e-14
-1.79856e-14
-3.79696e-14
-1.11911e-13
-4.06786e-13
-1.03473e-13
-9.57568e-16
-3.51282e-17
-5.20417e-17
-3.05311e-15
-9.62772e-17
-1.73472e-18
5.16988e-25
2.87314e-18
1.82146e-16
2.1684e-16
1.3739e-15
3.02536e-15
4.71845e-16
2.08167e-17
1.09288e-16
2.98372e-16
1.66533e-15
2.81025e-16
1.78893e-18
3.52366e-19
1.99493e-16
4.04121e-14
5.26246e-14
2.37588e-14
1.44329e-15
9.19404e-17
1.55431e-15
5.38458e-15
5.68989e-16
3.72695e-20
-6.35275e-21
-1.25768e-17
-3.72966e-17
-1.01308e-15
-2.40918e-14
-4.61853e-14
-1.23235e-14
-2.10942e-15
-2.5327e-16
-9.85324e-16
-3.64292e-16
-1.95156e-17
-9.75783e-19
-4.11997e-18
-5.29091e-17
-3.08998e-18
1.03398e-25
7.35523e-16
2.23155e-14
1.07692e-14
2.91434e-16
1.63758e-15
1.66533e-14
2.17604e-14
7.28584e-16
8.80914e-20
-1.21169e-27
-5.0822e-21
-3.59989e-21
-1.95156e-17
-6.9389e-16
-3.52496e-15
-1.57652e-14
-1.79856e-14
-2.64233e-14
-1.72307e-13
-1.16351e-13
-4.66294e-15
-1.97759e-16
-7.54605e-17
-2.66454e-15
-6.52256e-16
-5.55112e-17
-4.76456e-22
1.86116e-24
1.25767e-17
1.16226e-16
7.63278e-16
2.77556e-15
5.20417e-16
3.14419e-18
3.29598e-17
6.41848e-17
2.04697e-16
2.68882e-17
6.56451e-21
6.88214e-22
1.35525e-18
3.77476e-15
2.09832e-14
1.46549e-14
1.55431e-15
1.56125e-17
1.47452e-17
1.83881e-16
6.59195e-16
3.65918e-19
-1.53525e-21
-1.17961e-16
-9.19404e-17
-1.3739e-15
-1.06581e-14
-5.57332e-14
-3.37508e-14
-9.49241e-15
-3.66374e-15
-5.49561e-15
-3.41394e-15
-2.5327e-16
-1.70762e-18
-7.45389e-20
-1.43115e-17
-3.59955e-17
-2.50722e-19
9.54098e-18
9.9365e-15
2.84217e-14
4.51028e-16
4.57967e-16
2.14273e-14
6.21725e-14
2.40918e-14
8.41341e-17
1.94818e-20
1.9387e-26
-9.52913e-22
-8.13152e-19
-9.71446e-17
-1.65146e-15
-7.99361e-15
-1.10467e-14
-1.31561e-14
-1.10578e-13
-1.9007e-13
-3.68594e-14
-5.34295e-16
-3.38271e-17
-1.91514e-15
-9.29812e-16
-9.88793e-17
-1.76183e-19
1.61559e-27
4.22839e-18
1.49186e-16
1.37043e-16
4.92662e-16
2.70617e-16
1.65341e-18
4.74339e-20
1.49078e-18
3.77302e-17
4.94396e-17
1.25361e-19
1.61559e-27
1.03398e-25
9.62772e-17
1.60982e-14
1.38778e-14
2.44249e-15
2.12504e-17
2.9924e-17
2.5327e-16
2.44249e-15
3.77302e-17
1.48893e-23
-3.25261e-17
-3.38271e-17
-3.85109e-16
-3.38618e-15
-4.81837e-14
-8.12684e-14
-1.63203e-14
-3.55272e-15
-3.46945e-15
-5.71765e-15
-5.89806e-16
-6.67869e-17
-1.38778e-17
-2.35923e-16
-3.33067e-16
-6.07154e-17
4.13591e-24
8.67362e-16
1.73195e-14
1.54043e-15
1.78677e-16
8.99281e-15
1.33227e-14
1.37668e-14
9.28077e-17
1.89735e-19
1.98523e-23
4.54949e-24
-4.30134e-23
-5.63785e-18
-1.26288e-15
-5.66214e-15
-7.71606e-15
-2.85883e-15
-2.17604e-14
-6.79457e-14
-5.52891e-14
-7.28584e-16
-1.0842e-17
-9.45425e-17
-3.92048e-16
-1.249e-16
-4.87891e-18
1.29247e-26
6.77626e-19
3.747e-16
4.26742e-16
4.27436e-15
6.10623e-15
7.97973e-16
2.1684e-16
1.12757e-16
2.98372e-16
7.97973e-16
1.2837e-16
1.15197e-19
5.14996e-19
1.04951e-16
4.15223e-14
4.08562e-14
1.4877e-14
4.4062e-16
9.54098e-18
2.11636e-16
1.01308e-15
7.77156e-16
5.29396e-22
-4.87891e-19
-6.28838e-18
-4.55365e-17
-1.67921e-15
-3.73035e-14
-9.54792e-14
-1.32117e-14
-2.22045e-15
-7.91034e-16
-1.04083e-15
-2.32453e-16
-2.87314e-18
-7.72494e-19
-4.13352e-19
-4.94396e-17
-6.33174e-17
-3.97047e-23
9.19404e-17
1.40443e-14
2.14273e-14
5.89806e-17
9.85323e-16
1.56819e-15
8.60423e-15
5.89806e-16
8.94467e-19
-8.27181e-25
-7.75482e-26
-7.94094e-22
-2.16841e-17
-4.16334e-16
-1.16573e-14
-1.21569e-14
-1.20459e-14
-1.70974e-14
-1.61649e-13
-3.03757e-13
-8.60423e-15
-6.50522e-17
-2.60209e-17
-7.84095e-16
-9.02057e-16
-3.29598e-17
-7.94094e-23
2.75286e-21
9.1073e-17
1.10155e-16
2.81025e-16
1.69309e-15
1.92554e-16
5.20417e-18
3.03577e-18
7.02563e-17
1.04951e-16
4.85723e-17
2.98156e-18
4.20128e-19
1.30104e-18
9.9365e-15
3.30847e-14
2.02061e-14
4.60743e-15
3.90313e-17
1.52656e-16
3.46945e-16
9.85323e-16
1.01915e-17
-1.69407e-21
-9.54098e-18
-3.1984e-18
-6.9389e-17
-1.17129e-14
-3.57492e-14
-1.01585e-14
-2.13718e-15
-3.05311e-16
-1.16573e-15
-1.04083e-15
-5.63786e-17
-1.73472e-18
-1.66019e-19
-1.21973e-18
-1.02999e-18
-4.02341e-21
2.60209e-17
1.23235e-14
1.5099e-14
3.7817e-16
8.84709e-17
2.41474e-15
2.35367e-14
3.46945e-15
1.43115e-17
7.41154e-22
-2.15067e-23
-3.97047e-23
-1.28749e-19
-9.62772e-17
-3.05311e-15
-2.94209e-15
-1.06581e-14
-8.16014e-15
-3.90799e-14
-1.72307e-13
-1.87628e-14
-6.41848e-17
-9.21572e-19
-4.38018e-17
-5.55112e-17
-6.24501e-17
-9.74088e-21
4.23517e-20
4.33681e-17
3.05311e-16
3.08087e-15
3.19189e-15
8.99281e-15
2.28984e-16
3.22659e-16
8.84709e-17
2.498e-16
8.60423e-16
5.20417e-17
3.08998e-18
9.32414e-18
6.93889e-16
2.27596e-14
2.58682e-14
8.88179e-15
2.01228e-16
5.63785e-17
3.92048e-16
3.55271e-15
1.02349e-16
1.27055e-21
-5.82759e-19
-4.26905e-19
-7.15574e-18
-1.43982e-16
-1.37668e-14
-1.23235e-14
-1.67921e-15
-1.94289e-16
-7.42462e-16
-2.01228e-16
-1.02349e-16
-8.5381e-19
-2.06795e-24
-2.03288e-19
-2.71051e-18
-2.77827e-19
1.05032e-19
6.38378e-15
2.5091e-14
4.27436e-15
2.81025e-16
8.11851e-16
1.90958e-14
2.08722e-14
4.26742e-16
2.1684e-19
-3.61892e-25
-1.55096e-25
-2.71051e-20
-2.12504e-17
-2.5327e-16
-2.44249e-15
-6.60583e-15
-6.10623e-15
-2.23155e-14
-2.15827e-13
-5.4845e-14
-3.38618e-15
-2.1142e-18
-4.29344e-17
-1.47452e-16
-3.29598e-17
-1.69407e-20
4.03897e-28
2.71051e-18
1.89085e-16
5.55112e-16
1.19349e-15
8.38219e-15
2.15106e-16
0
0
0
0
0
0
0
0
0
0
0
0
0
0
0
0
0
0
0
0
0
0
0
0
0
0
0
0
0
0
0
0
0
0
0
0
0
0
0
0
0
0
0
0
0
0
0
0
0
0
0
0
0
0
0
0
0
0
0
0
0
0
0
0
0
0
0
0
0
0
0
0
0
0
0
0
0
0
0
0
0
0
0
0
0
0
0
0
0
0
0
0
0
0
0
0
0
0
0
0
0
0
0
0
0
0
0
0
0
0
0
0
0
0
0
0
0
0
0
0
0
0
0
0
0
0
0
0
0
0
0
0
0
0
0
0
0
0
0
0
0
0
0
0
0
0
0
0
0
0
0
0
0
0
0
0
0
0
0
0
0
0
0
0
0
0
0
0
0
0
0
0
0
0
0
0
0
0
0
0
0
0
0
0
0
0
0
0
0
0
0
0
0
0
0
0
0
0
0
0
0
0
0
0
0
0
0
0
0
0
0
0
0
0
0
0
0
0
0
0
0
0
0
0
0
0
0
0
0
0
0
0
0
0
0
0
0
0
0
0
0
0
0
0
0
0
0
0
0
0
0
0
0
0
0
0
0
0
0
0
0
0
0
0
0
0
0
0
0
0
0
0
0
0
0
0
0
0
0
0
0
0
0
0
0
0
0
0
0
0
0
0
0
0
0
0
0
0
0
0
0
0
0
0
0
0
0
0
0
0
0
0
0
0
0
0
0
0
0
0
0
0
0
0
0
0
0
0
0
0
0
0
0
0
0
0
0
0
0
0
0
0
0
0
0
0
0
0
0
0
0
0
0
0
0
0
0
0
0
0
0
0
0
0
0
0
0
0
0
0
0
0
0
0
0
0
0
0
0
0
0
0
0
0
0
0
0
0
0
0
0
0
0
0
0
0
0
0
0
0
0
0
0
0
0
0
0
0
0
0
0
0
0
0
0
0
0
0
0
0
0
0
0
0
0
0
0
0
0
0
0
0
0
0
0
0
0
0
0
0
0
0
0
0
0
0
0
0
0
0
0
0
0
0
0
0
0
0
0
0
0
0
0
0
0
0
0
0
0
0
0
0
0
0
0
0
0
0
0
0
0
0
0
0
0
0
0
0
0
0
0
0
0
0
0
0
0
0
0
0
0
0
0
0
0
0
0
0
0
0
0
0
