1
0.184826
0.132709
0.0702288
0.0137886
0.00175088
0.000828414
0.000833534
0.00229275
0.0235492
0.0541047
0.0655594
0.0800693
0.0743719
0.0512327
0.0212517
-0.0227661
-0.0204108
-0.0319183
-0.0451718
-0.012572
-0.00863976
0.0271626
0.0480993
0.0202351
0.0328654
0.0073215
-0.00116536
-0.0201835
-0.00975453
-0.030617
-0.0342776
-0.00715747
-0.0045059
0.0107383
0.0335781
0.0247613
0.0422266
0.0226563
0.00386752
-0.00732341
-0.00692223
-0.00386522
-0.00677049
-0.0102276
-0.00729362
-0.0104387
-0.000737597
-0.000407646
0.000146408
0.00166982
-0.00715702
-0.0032024
-0.0405592
-0.016428
-0.00965122
-0.0139429
-0.00580606
-0.000565047
0.00510792
0.0153666
0.0602551
0.0367152
-0.0169756
0.0188536
0.0469816
-0.00945514
-0.00548101
-0.0191952
-0.000654219
-0.000381386
0.00189637
0.0102333
0.152319
0.0177672
0.0201667
0.0111815
0.00354798
-0.00967125
-0.0117169
-0.0310914
-0.0559699
-0.0262179
-0.0372924
-0.0187223
0.00124502
0.00366272
0.00110155
0.000495026
-9.73485e-05
-0.000933492
-0.00528518
-0.0333675
-0.0501263
-0.0319897
-0.0449486
-0.0308338
0.011991
0.00832391
0.014933
0.00247205
0.000306991
-0.000924594
-0.00393968
-0.00179706
-0.0159588
-0.00457409
-0.00101189
-0.000467439
-0.00275299
-0.000922614
-0.00321652
-0.00322138
-0.0164082
-0.0276714
-0.048311
-0.0907506
-0.0261679
-0.0703807
-0.0071691
-0.000179125
5.41269e-05
-0.00359079
-0.0298249
-0.321942
-0.0351145
-0.158166
-0.052115
-0.0636377
-0.0581756
-0.0060568
-0.000314094
0.00121617
0.000961178
0.0101366
0.0286609
-0.0197149
0.013965
0.0830998
-0.00213389
-0.00313098
-0.000481883
-0.00055022
-0.000453619
-2.43108e-05
0.000125412
0.000336622
-0.000128532
6.43748e-05
-0.000183788
-0.000193539
-0.00042788
-0.00537305
-0.0459316
-0.0909309
-0.0372634
-0.0593286
-0.0321746
-0.000221764
0.000215721
4.49399e-05
1.3839e-05
-0.000300012
-0.00148514
-0.00214713
-0.00752878
-0.0588672
-0.0166945
-0.0818247
-0.055429
-0.00341957
-4.85551e-05
-0.000267035
-0.000160093
-7.2539e-05
-0.00204561
-0.00478463
-0.00939317
-0.0245493
0.000217211
-0.000854496
0.000478337
0.000391229
0.000619613
0.000225458
-0.000429193
-0.00722602
-0.0169757
-0.00591473
-0.0284185
-0.0123233
-0.116083
-0.00137194
0.00491663
0.0570784
0.00343391
-0.0207721
-0.23125
-0.0193421
-0.0289798
-0.00534641
-0.0168308
-0.00260858
0.000866348
0.000433223
0.0042339
0.00154877
0.00187077
0.000653661
-0.000277188
-0.00285492
-0.000608776
-0.00027487
-0.000292602
0.00123472
0.00786902
0.0539069
0.0392123
0.04453
0.0129586
0.0079246
-6.99192e-05
-8.11072e-05
-0.000132806
-2.77828e-05
5.11057e-05
0.000494683
0.00184137
0.00273199
0.0129512
0.00370188
0.0144746
0.0098123
0.00351955
-6.35585e-06
0.00188911
0.00156353
0.000987155
0.0173888
0.0399744
0.068105
0.0221236
0.001532
0.000204215
-0.000177344
-0.000322277
-0.000927589
-0.00146156
-0.0011796
0.00252185
0.131139
0.0298236
0.0619263
0.0548993
0.0230683
0.010274
-0.00124743
-0.00249277
-0.017862
-0.0467663
-0.0100495
-0.0482346
-0.140445
-0.00967426
-0.00710725
0.000537766
0.00318586
0.00646843
0.00412257
0.00495538
0.00298927
0.000286048
-0.000630162
-0.000602791
-0.000863149
-0.00168081
0.0126389
0.0804504
0.14922
0.0850372
0.110829
0.0674749
0.0121588
0.00525779
0.000578618
-0.000260943
0.000248924
0.000546955
0.00196304
0.0177343
0.0957093
0.0399006
0.140683
0.0948221
0.0160638
0.00488525
0.000301663
-0.000175548
-0.000155784
-8.98075e-06
0.00151149
0.00490509
0.0392465
0.0132506
0.012453
0.00418359
0.00452273
-0.00037789
0.000666984
5.0262e-05
-0.000301977
0.0102636
0.0262317
0.077562
0.0354732
0.187321
0.0204925
0.0105984
-0.0558
-0.00204129
0.00061773
0.00137148
0.00237888
0.0930654
0.0230204
0.0451522
0.0393027
0.00326215
0.00471753
0.00034817
-0.00313443
-0.0068703
-0.0146137
-0.0117771
-0.0088351
-0.00245236
-0.000608165
-0.000480951
5.72718e-05
-0.000520406
-0.0014408
-0.00188851
-0.0188509
-0.0128198
-0.0237712
-0.0146517
-0.00988667
-0.00726483
-0.00126004
-3.98311e-06
-3.14421e-05
-3.32568e-06
0.000122875
9.83376e-05
4.04094e-05
0.000520761
0.00116028
-0.000187209
0.00120878
0.000551076
8.65971e-05
0.000385414
0.000523183
0.000723296
0.000845021
0.000732332
0.000465468
0.00128347
0.000853154
0.000359576
-0.000697424
0.0021847
0.00167711
0.00633775
0.00972666
0.0128666
0.0143539
0.0238779
0.0305338
0.00724
8.26769e-05
-0.000369883
-0.000142429
-0.000401649
0.00536655
0.0198269
0.00783527
0.0232688
0.0659647
0.0123145
0.025565
-0.0229241
-0.0175145
-0.0382505
-0.0477178
-0.0368983
-0.0314249
-0.0179558
-0.00361641
-0.00115808
-0.000545164
-0.00300814
-0.00556778
-0.0332771
-0.0766171
-0.0703267
-0.113579
-0.0976682
-0.0714856
-0.0505227
-0.00545781
0.00309696
0.00620906
-0.000754731
-0.00117897
-0.0053589
-0.0436908
-0.0264297
-0.084721
-0.0734472
-0.0387305
-0.0376734
-0.0157418
-0.000647676
-0.00174945
-0.00038895
-0.00180838
-0.00387217
-0.0207829
-0.0263373
-0.0355909
-0.0512574
-0.0159101
-0.00166457
-0.000250607
2.62731e-07
-0.000210289
-0.000469405
-0.000880421
-0.0162225
-0.00790419
-0.0855114
-0.0334628
-0.0356438
-0.0342991
-0.0032822
1.83409e-05
7.7497e-05
7.49332e-05
-9.78079e-05
-0.000572104
-0.00149216
-0.00299229
-0.00939581
-0.00434041
-0.00714745
-0.0259845
-0.000495988
2.40839e-06
2.97407e-05
7.89774e-06
0.000127439
5.36897e-07
-4.40645e-05
-2.71679e-05
-1.26711e-05
-4.1706e-06
-7.67013e-07
0.00013729
0.00182829
0.00502224
0.0153939
0.0295487
0.0141828
0.0187373
0.0109255
5.08205e-05
-0.000103627
-1.7634e-05
1.34372e-05
8.16495e-06
0.00032596
0.00254135
0.00287063
0.0218389
0.00726006
0.02626
0.0177058
0.000952507
7.302e-06
1.72796e-05
3.77727e-06
2.09435e-05
3.22969e-05
0.00112963
0.000737323
0.00767363
0.00212246
0.000513742
0.000295962
-1.443e-05
-4.05794e-06
-1.73791e-07
2.97831e-06
1.74671e-06
0.000980184
0.000411179
0.0124585
0.0030068
0.0385672
0.00421798
1.40071e-05
0
0
0
0
0
0
0
0
0
0
0
0
0
0
0
0
0
0
0
0
0
0
0
0
0
0
0
0
0
0
0
0
0
0
0
0
0
0
0
0
0
0
0
0
0
0
0
0
0
0
0
0
0
0
0
0
0
0
0
0
0
0
0
0
0
0
0
0
0
0
0
0
0
0
0
0
0
0
0
0
0
0
0
0
0
0
0
0
0
0
0
0
0
0
0
0
0
0
0
0
0
0
0
0
0
0
0
0
0
0
0
0
0
0
0
0
0
0
0
0
0
0
0
0
0
0
0
0
0
0
0
0
0
0
0
0
0
0
0
0
0
0
0
0
0
0
0
0
0
0
0
0
0
0
0
0
0
0
0
0
0
0
0
0
0
0
0
0
0
0
0
0
0
0
0
0
0
0
0
0
0
0
0
0
0
0
0
0
0
0
0
0
0
0
0
0
0
0
0
0
0
0
0
0
0
0
0
0
0
0
0
0
0
0
0
0
0
0
0
0
0
0
0
0
0
0
0
0
0
0
0
0
0
0
0
0
0
0
0
0
0
0
0
0
0
0
0
0
0
0
0
0
0
0
0
0
0
0
0
0
0
0
0
0
0
0
0
0
0
0
0
0
0
0
0
0
0
0
0
0
0
0
0
0
0
0
0
0
0
0
0
0
0
0
0
0
0
0
0
0
0
0
0
0
0
0
0
0
0
0
0
0
0
0
0
0
0
0
0
0
0
0
0
0
0
0
0
0
0
0
0
0
0
0
0
0
0
0
0
0
0
0
0
0
0
0
0
0
0
0
0
0
0
0
0
0
0
0
0
0
0
0
0
0
0
0
0
0
0
0
0
0
0
0
0
0
0
0
0
0
0
0
0
0
0
0
0
0
0
0
0
0
0
0
0
0
0
0
0
0
0
0
0
0
0
0
0
0
0
0
0
0
0
0
0
0
0
0
0
0
0
0
0
0
0
0
0
0
0
0
0
0
0
0
0
0
0
0
0
0
0
0
0
0
0
0
0
0
0
0
0
0
0
0
0
0
0
0
0
0
0
0
0
0
0
0
0
0
0
0
0
0
0
0
0
0
0
0
0
0
0
0
0
0
0
0
0
0
0
0
0
0
0
0
0
0
0
0
0
0
0
0
0
0
0
0
0
0
0
0
0
0
