1
1.33772
2.33284
-1.05687
1.11321
-1.20133
1.77643
0.153302
-1.24741
1.97568
0.561417
-0.945201
1.49913
-0.548448
1.04242
-1.76405
-1.13407
-1.01948
-1.41107
1.52924
0.193539
-1.5365
0.180498
1.59849
-0.861434
0.257845
1.32539
-0.994233
0.2862
-1.53223
0.206357
-0.943348
1.42596
1.0405
1.06173
1.48168
-0.801602
0.351397
-1.25762
0.449434
-0.689337
1.2892
0.344628
-0.583
1.24433
0.110701
-1.17995
-0.0121171
0.846445
-1.22925
-1.00484
-1.11422
1.0398
0.293962
-0.72997
0.57891
-0.874781
0.0784868
0.922835
-0.740837
0.0912639
0.979965
-0.363102
0.815023
-0.0989838
-0.751284
1.11298
1.0016
-1.06017
-0.615327
0.0838137
1.00983
-0.0869694
-1.01621
0.355914
-0.390381
1.01372
0.249885
-0.576301
0.527348
-0.567
-0.160409
-0.673563
-0.952002
-0.981469
-0.759689
-0.294998
0.396164
-0.762178
0.3032
-0.56352
0.743629
0.00228773
-0.761556
0.585122
-0.348505
0.793076
-0.50649
0.241316
0.746924
0.983545
0.938201
0.611581
0.0157942
-0.828953
0.460795
-0.789219
0.196252
1.11405
-0.435661
0.483407
-1.03303
0.116194
-1.14138
0.462825
-0.319636
-0.816406
-0.999336
-0.85709
-0.394112
0.372886
-1.33566
-0.0521728
-1.34822
0.293295
-0.800115
1.01052
-0.124489
-1.41322
0.175528
-1.56507
-0.437178
0.394631
0.880853
0.991246
0.716652
0.0664527
-0.936915
1.06615
-0.52954
1.01863
-0.983701
0.366018
1.76629
-0.371301
1.30691
-0.570377
1.72405
0.442645
-0.464902
-0.938028
-0.942842
-0.473176
0.454758
1.81131
-0.647954
1.42116
-0.520079
2.04224
0.290677
-1.57761
1.12966
-1.18285
1.1697
-2.04739
-0.510072
0.527328
0.982773
0.814827
0.0216436
-1.37049
2.347
-0.0758236
2.85394
-0.335793
2.2361
-1.43999
1.28277
-2.50159
1.01691
-2.2731
2.78349
0.734013
-0.572491
-0.999139
-0.483467
0.970015
3.31942
-2.2725
1.6161
-2.91981
2.1968
-1.99392
4.09797
-0.647775
5.97593
-0.699471
5.3247
-5.19761
-1.61793
0.54912
0.898228
-0.752068
-4.39918
9.1291
1.98719
-7.12829
3.22844
-9.75564
1.04797
16.4169
-3.30788
28.0508
-3.13621
-132.858
-207.493
-22.8488
-2.24746
-3.28936
-16.0272
-37.9672
32.3708
-4.79958
33.9427
-1.1841
19.1057
-4.07761
9.41125
-4.5299
6.66073
-1.71077
-7.28346
4.60684
1.97596
1.01217
1.55832
3.52395
6.79712
-2.55372
2.87775
-4.15876
2.27702
-3.21692
2.85241
-2.02981
2.83209
-2.13701
1.27474
3.77671
-2.35635
-1.28253
-1.00856
-1.50227
-2.72886
2.81182
0.280031
-2.70831
1.13985
-2.38302
0.837239
-2.58056
0.485985
-2.35665
0.94058
-1.08791
-2.59242
1.64451
1.0851
1.04632
1.51365
2.46272
-1.22826
0.560235
-2.34458
-0.00723344
-2.38732
0.0957524
-2.09198
0.150182
2.10088
-0.420599
0.95733
1.96861
-1.32267
-1.01689
-1.09321
-1.54116
1.52643
0.399795
-0.997224
1.19522
-0.575757
1.277
-0.576323
1.18433
-0.47638
1.42254
0.15105
-0.848837
-1.56659
1.15673
1.00007
1.14214
-1.54655
-0.83922
0.111265
1.26323
-0.496401
0.922998
-0.604164
0.856761
-0.633362
0.659752
-0.973154
-0.00138291
0.751645
1.27537
-1.068
-1.00796
-1.19064
1.00482
0.368937
-0.458031
1.14397
0.0311417
-1.14682
0.160928
-1.03072
0.273638
-0.765483
0.681067
-0.0818418
-0.661339
-1.0479
1.02252
1.02895
-1.01044
-0.606582
-0.0259556
0.707981
-0.658566
0.296828
-0.883508
0.146455
-0.982515
-0.0284938
0.82429
-0.484565
0.124598
-0.576967
-0.8732
-0.99671
-0.94137
-0.709342
-0.309649
0.243774
0.933877
-0.312799
0.575085
-0.56179
0.410679
-0.758116
0.168679
1.03659
-0.436504
0.179447
0.638304
0.916416
0.999271
0.882351
0.570288
0.074827
-0.587633
0.94614
0.0255467
-0.992985
0.332128
-0.766283
0.624726
-0.404539
1.2214
0.419829
-0.231233
-0.697567
-0.9536
-0.98505
-0.789423
-0.374401
0.245075
1.04989
-0.731514
0.353637
-1.2654
-0.0363404
1.23333
-0.464991
0.705287
-1.30842
-0.425034
0.275972
0.754656
0.982533
0.945512
0.643751
0.0888138
-0.700553
1.59749
0.434138
-0.882256
1.10124
-0.368941
1.69317
0.260754
-1.11772
1.47294
0.467785
-0.309468
-0.809462
-0.998822
-0.863461
-0.407214
0.353203
1.3946
-1.4712
0.0100498
1.68082
-0.870371
0.977373
-1.75285
0.0286499
1.74818
-1.79008
-0.58439
0.322028
0.861879
0.992177
0.698155
-0.0108426
-1.11098
-2.57463
1.2649
-0.758781
2.84565
0.49681
-2.03534
1.91633
-0.516642
-2.90111
2.47972
0.883166
-0.284512
-0.911823
-0.931035
-0.323653
0.891781
2.68208
-3.5587
-0.850589
2.33209
-3.4207
0.290059
4.46506
-2.41541
1.68093
5.93841
-4.5822
-1.90162
0.0472116
0.959197
0.64686
-0.939114
-3.76621
-7.81589
5.43929
-0.534754
-8.05504
5.87398
-3.68353
16.7536
6.12668
-11.7599
-48.1616
67.5659
265.242
-15.8515
-1.00405
-8.35195
-26.5544
-51.5781
61.9626
18.6162
-12.1586
-30.2617
6.35909
-8.2156
11.829
1.78901
-4.73193
-8.99706
5.21362
2.59028
1.26122
1.04595
1.85409
3.61891
6.23335
-4.78722
-0.726311
3.5221
-4.88241
-0.414547
3.47164
-3.41114
-0.18475
2.34113
4.23956
-2.58984
-1.53912
-1.04729
-1.08517
-1.62987
-2.65068
3.52406
1.66002
-0.470654
-2.73107
1.97602
-0.406285
-2.57426
1.66592
-0.160118
-1.64009
2.73047
1.79794
1.22594
1.00375
1.12155
1.56645
2.31632
-1.82409
-0.549276
0.889902
2.41234
-0.882036
0.703738
2.16502
-0.9414
0.281118
1.27897
-2.03481
-1.4377
-1.09444
-1.00201
-1.15503
-1.54332
1.76687
0.956573
-0.012693
-1.0924
1.53206
0.32466
-0.838834
1.59985
0.56337
-0.323021
-1.0439
-1.59075
1.24522
1.03401
1.01557
1.18559
1.53487
-1.09806
-0.433493
0.346117
1.20318
-0.936927
0.00150465
0.902327
-1.13427
-0.344143
0.328197
0.869738
1.27238
-1.13454
-1.00783
-1.03544
-1.21318
1.1018
0.649733
0.0868215
-0.561853
-1.26595
0.548657
-0.206723
-0.927741
0.832127
0.210746
-0.313568
-0.729991
-1.03141
1.06931
1.00011
1.05771
-1.02718
-0.730029
-0.329858
0.156832
0.708509
-0.912022
-0.281603
0.340584
0.930478
-0.627488
-0.128812
0.287318
0.611939
0.839001
-0.968435
-0.997044
-0.91849
-0.736502
-0.458438
-0.0940524
0.345472
0.848037
-0.664202
-0.100031
0.478834
1.05459
-0.573171
-0.0969628
0.314686
0.642422
0.869959
0.985869
0.984605
0.866516
0.636937
0.304756
-0.119025
-0.622301
1.15864
0.56259
-0.0640326
-0.704054
1.15415
0.59306
0.0846536
-0.347986
-0.68325
-0.903479
-0.997019
-0.959201
-0.792009
-0.502675
-0.1018
0.39833
0.98476
-1.11928
-0.4412
0.269042
0.99241
-1.2601
-0.643359
-0.0899344
0.373201
0.721077
0.933941
0.999689
0.914738
0.683134
0.314412
-0.178913
-0.783338
-1.48536
1.08091
0.287888
-0.54195
-1.3871
1.44309
0.745442
0.124831
-0.38553
-0.755192
-0.960873
-0.989532
-0.838983
-0.51603
-0.0330965
0.595275
1.35488
-1.94732
-1.04562
-0.0767731
0.941015
1.98301
-1.77369
-0.94751
-0.216749
0.374022
0.784062
0.983258
0.956406
0.703237
0.234547
-0.433597
-1.28522
-2.30771
2.19567
1.01844
-0.258409
-1.61905
-3.03588
2.44722
1.38633
0.445128
-0.306452
-0.803258
-0.998165
-0.869679
-0.420327
0.332706
1.36973
2.6787
4.26111
-2.77276
-1.01603
0.952689
3.14588
5.55382
-4.27807
-2.66519
-1.17821
0.0275388
0.791133
0.990977
0.572744
-0.45887
-2.07774
-4.28191
-7.13303
8.0541
4.97481
1.15308
-3.87802
-10.9665
21.5013
20.6167
19.5005
17.8064
14.9998
13.4626
-4.59792
-22.3046
-46.9134
-67.7339
-74.748
-70.5552
34.4497
11.9006
-0.132775
-6.69732
-10.3851
11.867
7.34006
4.39762
2.53259
1.45882
1.02077
1.13876
1.76842
2.86422
4.34716
6.08689
-6.38934
-3.9098
-1.53956
0.574732
2.35823
3.79862
-4.59314
-3.22301
-2.21408
-1.5264
-1.12889
-1
-1.12451
-1.48765
-2.06762
-2.82897
-3.71979
2.83495
1.65365
0.49129
-0.591297
-1.5526
-2.37125
2.87066
2.14664
1.60509
1.2391
1.04156
1.00601
1.12568
1.39114
1.78744
2.29187
-2.30365
-1.59358
-0.853285
-0.122099
0.565987
1.18586
1.72195
-2.12262
-1.67073
-1.33549
-1.11624
-1.01096
-1.01662
-1.12861
-1.33954
-1.63785
1.93386
1.47672
0.97712
0.460372
-0.0484975
-0.527742
-0.960728
-1.3363
-1.64794
1.41426
1.19319
1.05574
1.00116
1.02738
1.13056
1.3044
1.53953
-1.33524
-0.990825
-0.619377
-0.23867
0.134066
0.483899
0.799219
1.07189
1.29674
-1.26157
-1.11156
-1.02465
-1.00035
-1.03682
-1.13061
-1.27621
1.18293
0.945398
0.678288
0.393888
0.105203
-0.175387
-0.43722
-0.67194
-0.873542
-1.03801
-1.1628
1.06295
1.00908
1.00346
1.0443
1.12839
-1.02742
-0.866129
-0.676296
-0.466195
-0.245271
-0.0232496
0.190776
0.389029
0.565405
0.715446
0.836103
0.925366
0.981932
-1.00215
0.99429
-0.950471
-0.875954
-0.772254
-0.643678
-0.494734
-0.329975
-0.154044
0.0281713
0.21133
0.389497
0.556172
0.704548
0.828022
0.920863
0.978889
0.999925
0.983937
0.932793
0.849782
0.739017
0.604956
0.452081
0.284819
0.10765
-0.0746531
-0.256771
-0.432685
-0.595723
-0.738893
-0.855502
-0.939927
-0.988341
-0.999152
-0.973031
-0.912532
-0.821475
-0.704287
-0.5655
-0.409489
-0.240463
-0.0626722
0.119275
0.300094
0.473648
0.633022
0.770959
0.88061
0.956446
0.995044
0.995499
0.959292
0.889746
0.791239
0.668466
0.525949
0.367835
0.197989
0.0203147
-0.160825
-0.340199
-0.511503
-0.667467
-0.800411
-0.903204
-0.970363
-0.998946
-0.988885
-0.942663
-0.864506
-0.7594
-0.632259
-0.487469
-0.328758
-0.159449
0.0170981
0.196919
0.374905
0.544506
0.697881
0.826633
0.923068
0.981631
0.999964
0.97913
0.922965
0.836874
0.72657
0.597147
0.452631
0.296037
0.129745
-0.0438451
-0.221538
-0.398556
-0.568043
-0.721153
-0.848045
-0.939737
-0.990215
-0.997897
-0.965666
-0.899579
-0.806937
-0.694513
-0.567557
-0.429422
-0.281779
-0.125216
0.039942
0.212528
0.389199
0.563231
0.723909
0.857632
0.951161
0.996054
0.991825
0.945696
0.869327
0.774792
0.671723
0.566441
0.462037
0.35906
0.256087
0.150158
0.0367739
-0.0903103
-0.239186
-0.418765
-0.632895
-0.8586
-0.997647
-0.873718
-0.459612
0
