0
747
1467
2136
2730
3228
3612
3869
3990
3971
3812
3518
3101
2575
1958
1272
541
-207
-950
-1659
-2309
-2878
-3346
-3697
-3917
-3999
-3941
-3743
-3415
-2966
-2412
-1774
-1073
-335
414
1150
1845
2476
3019
3456
3771
3953
3997
3900
3665
3302
2822
2243
1585
872
127
-621
-1348
-2027
-2635
-3151
-3556
-3835
-3980
-3984
-3848
-3577
-3180
-2671
-2068
-1393
-668
79
825
1541
2203
2788
3275
3646
3889
3995
3960
3787
3479
3050
2513
1888
1196
462
-287
-1027
-1731
-2374
-2933
-3389
-3726
-3932
-3999
-3926
-3715
-3372
-2911
-2348
-1702
-996
-255
494
1226
1916
2538
3071
3495
3797
3965
3993
3881
3633
3256
2765
2177
1512
794
47
-699
-1423
-2096
-2695
-3200
-3591
-3857
-3987
-3976
-3826
-3541
-3131
-2611
-1999
-1317
-589
159
903
1615
2270
2845
3320
3678
3907
3998
3948
3760
3439
2998
2450
1817
1119
383
-367
-1104
-1803
-2438
-2987
-3431
-3755
-3946
-3998
-3910
-3684
-3329
-2856
-2283
-1629
-918
-175
573
1302
1986
2599
3121
3533
3821
3974
3988
3861
3598
3209
2707
2109
1437
715
-32
-778
-1497
-2163
-2754
-3247
-3626
-3877
-3992
-3967
-3802
-3503
-3081
-2550
-1930
-1242
-510
239
981
1688
2335
2900
3364
3709
3923
3999
3935
3732
3398
2944
2387
1745
1042
303
-446
-1181
-1874
-2501
-3040
-3472
-3781
-3958
-3996
-3892
-3652
-3284
-2799
-2217
-1556
-840
-95
652
1378
2055
2659
3171
3570
3844
3983
3981
3839
3563
3161
2647
2041
1362
636
-111
-856
-1571
-2230
-2811
-3293
-3659
-3896
-3996
-3956
-3776
-3464
-3029
-2488
-1859
-1165
-430
319
1058
1760
2400
2955
3406
3738
3938
3999
3920
3703
3355
2889
2322
1673
965
223
-526
-1257
-1944
-2563
-3091
-3511
-3807
-3969
-3991
-3873
-3619
-3237
-2742
-2150
-1482
-762
-15
731
1452
2123
2719
3219
3605
3865
3989
3973
3816
3526
3111
2587
1972
1287
557
-191
-934
-1644
-2296
-2867
-3338
-3690
-3913
-3999
-3943
-3749
-3423
-2976
-2425
-1788
-1089
-351
399
1135
1831
2463
3008
3448
3766
3951
3997
3903
3672
3311
2833
2256
1600
887
143
-605
-1333
-2013
-2623
-3141
-3548
-3830
-3978
-3985
-3853
-3584
-3190
-2683
-2082
-1407
-683
64
809
1527
2190
2777
3265
3639
3885
3994
3963
3792
3487
3060
2525
1902
1211
478
-271
-1012
-1717
-2361
-2922
-3381
-3721
-3929
-3999
-3929
-3720
-3381
-2922
-2361
-1716
-1011
-271
478
1211
1902
2526
3060
3487
3792
3963
3994
3885
3639
3265
2777
2190
1526
809
63
-684
-1408
-2082
-2683
-3190
-3584
-3853
-3985
-3978
-3830
-3548
-3141
-2623
-2013
-1332
-605
143
887
1600
2257
2834
3311
3672
3903
3997
3951
3765
3447
3008
2463
1831
1135
398
-351
-1089
-1788
-2425
-2976
-3423
-3749
-3943
-3999
-3913
-3690
-3337
-2867
-2296
-1644
-934
-191
557
1287
1972
2587
3111
3526
3816
3973
3989
3865
3605
3218
2718
2123
1452
731
-16
-762
-1482
-2150
-2742
-3238
-3619
-3873
-3991
-3969
-3807
-3510
-3091
-2562
-1944
-1257
-525
223
965
1673
2322
2890
3355
3703
3920
3999
3938
3738
3406
2955
2399
1760
1058
319
-430
-1166
-1860
-2488
-3029
-3464
-3776
-3956
-3996
-3896
-3659
-3293
-2811
-2230
-1571
-856
-111
636
1363
2041
2648
3161
3563
3840
3981
3983
3844
3570
3170
2659
2054
1377
652
-96
-841
-1556
-2217
-2800
-3284
-3652
-3893
-3996
-3958
-3781
-3471
-3039
-2500
-1873
-1181
-446
303
1043
1745
2387
2944
3398
3732
3935
3999
3923
3709
3364
2900
2335
1687
980
239
-510
-1242
-1930
-2550
-3081
-3503
-3802
-3967
-3992
-3877
-3626
-3247
-2753
-2163
-1497
-778
-31
715
1438
2109
2707
3209
3598
3861
3988
3974
3821
3533
3121
2599
1985
1302
573
-176
-919
-1630
-2283
-2856
-3329
-3684
-3910
-3998
-3946
-3755
-3431
-2987
-2438
-1802
-1104
-367
383
1120
1817
2451
2998
3439
3760
3949
3998
3907
3678
3320
2845
2270
1615
903
159
-589
-1318
-2000
-2611
-3131
-3541
-3826
-3976
-3987
-3857
-3591
-3199
-2695
-2095
-1422
-699
48
794
1512
2177
2765
3256
3633
3881
3993
3965
3797
3495
3070
2538
1916
1226
494
-255
-996
-1702
-2348
-2912
-3372
-3715
-3926
-3999
-3932
-3726
-3389
-2933
-2374
-1731
-1027
-287
462
1196
1888
2513
3050
3480
3787
3960
3995
3889
3646
3274
2788
2203
1541
825
79
-668
-1393
-2069
-2671
-3180
-3577
-3848
-3984
-3980
-3835
-3555
-3151
-2635
-2027
-1347
-620
128
872
1586
2244
2822
3302
3665
3900
3997
3953
3771
3455
3019
2475
1845
1150
414
-335
-1074
-1774
-2412
-2966
-3415
-3744
-3941
-3999
-3917
-3696
-3346
-2878
-2309
-1658
-949
-207
542
1272
1958
2575
3101
3518
3812
3971
3990
3869
3612
3228
2730
2136
1467
746
0
-747
-1467
-2137
-2730
-3228
-3612
-3869
-3990
-3971
-3811
-3518
-3101
-2575
-1958
-1272
-541
207
950
1659
2309
2879
3346
3697
3917
3999
3941
3743
3415
2965
2412
1774
1073
335
-415
-1150
-1846
-2476
-3019
-3456
-3771
-3953
-3997
-3900
-3665
-3302
-2822
-2243
-1585
-872
-127
621
1348
2027
2636
3151
3556
3835
3980
3984
3848
3577
3180
2671
2068
1392
668
-80
-825
-1542
-2204
-2788
-3275
-3646
-3889
-3995
-3960
-3786
-3479
-3050
-2513
-1887
-1196
-462
287
1027
1731
2374
2933
3390
3726
3932
3999
3926
3714
3372
2911
2348
1702
996
255
-494
-1227
-1916
-2538
-3071
-3495
-3797
-3965
-3993
-3881
-3632
-3256
-2765
-2176
-1511
-793
-47
700
1423
2096
2695
3200
3592
3857
3987
3976
3826
3541
3131
2611
1999
1317
589
-160
-903
-1615
-2270
-2845
-3320
-3678
-3907
-3998
-3948
-3760
-3439
-2997
-2450
-1817
-1119
-382
367
1104
1803
2438
2987
3431
3755
3946
3998
3910
3684
3329
2856
2283
1629
918
175
-573
-1303
-1986
-2599
-3121
-3533
-3821
-3975
-3988
-3861
-3598
-3209
-2707
-2109
-1437
-715
32
778
1497
2164
2754
3247
3626
3877
3992
3967
3802
3503
3081
2550
1930
1241
509
-239
-981
-1688
-2335
-2901
-3364
-3709
-3923
-3999
-3935
-3732
-3398
-2944
-2386
-1745
-1042
-303
447
1181
1874
2501
3040
3472
3782
3958
3996
3892
3652
3284
2799
2217
1556
840
95
-652
-1378
-2055
