1
0.982406
0.930247
0.845354
0.730717
0.590368
0.429248
0.253023
0.0678953
-0.119622
-0.302929
-0.475578
-0.631494
-0.765188
-0.871959
-0.948048
-0.990782
-0.998651
-0.971381
-0.909933
-0.816467
-0.694275
-0.547651
-0.381759
-0.202434
-0.0159856
0.171025
0.352018
0.520624
0.670912
0.797593
0.89621
0.963291
0.99648
0.994605
0.957734
0.887164
0.785377
0.655957
0.503456
0.333239
0.151298
-0.0359672
-0.221967
-0.400156
-0.564265
-0.70852
-0.827845
-0.918042
-0.975935
-0.999489
-0.987875
-0.941501
-0.862
-0.752166
-0.615868
-0.4579
-0.28382
-0.0997537
0.0878228
0.272309
0.447215
0.606384
0.744217
0.855863
0.937394
0.985942
0.999801
0.978478
0.922728
0.834508
0.716926
0.574119
0.41111
0.233636
0.0479404
-0.139442
-0.321917
-0.493066
-0.646865
-0.777903
-0.88157
-0.954218
-0.99329
-0.997413
-0.966439
-0.901462
-0.804764
-0.679749
-0.530818
-0.363209
-0.18282
0.00400245
0.190684
0.370655
0.537585
0.685599
0.809491
0.904898
0.968465
0.997955
0.992333
0.951793
0.877764
0.772848
0.640739
0.486086
0.314328
0.13151
-0.0559345
-0.241411
-0.418394
-0.580654
-0.722484
-0.838893
-0.925782
-0.9801
-0.999929
-0.984575
-0.934576
-0.851695
-0.738845
-0.599999
-0.44004
-0.264598
-0.0798461
0.107716
0.291487
0.465002
0.622156
0.757418
0.86603
0.944168
0.989086
0.999201
0.974159
0.914838
0.82333
0.702849
0.557639
0.392807
0.214155
0.0279663
-0.159206
-0.340776
-0.510355
-0.661978
-0.790307
-0.890829
-0.960006
-0.995404
-0.995777
-0.961112
-0.89263
-0.79274
-0.664955
-0.513773
-0.344514
-0.163133
0.023989
0.210266
0.389145
0.554331
0.700014
0.821064
0.913223
0.973251
0.999035
0.989664
0.945472
0.868012
0.76001
0.625266
0.468521
0.295291
0.11167
-0.0758795
-0.260759
-0.436464
-0.596811
-0.736159
-0.849603
-0.933154
-0.98387
-0.999969
-0.980881
-0.92728
-0.841051
-0.725229
-0.583889
-0.422004
-0.24527
-0.0599063
0.127565
0.310549
0.482605
0.637679
0.770317
0.875849
0.950565
0.991835
0.998203
0.969449
0.906585
0.81182
0.688491
0.540936
0.374348
0.194588
0.0079809
-0.178907
-0.3595
-0.527442
-0.676827
-0.802396
-0.899732
-0.965409
-0.997118
-0.993742
-0.955401
-0.883441
-0.780398
-0.649894
-0.496523
-0.325681
-0.14338
0.0439662
0.229765
0.40748
0.570856
0.714147
0.83231
0.921187
0.977649
0.999712
0.9866
0.938773
0.857914
0.746868
0.609543
0.45077
0.276135
0.0917852
-0.0957946
-0.280004
-0.454361
-0.61273
-0.749539
-0.859976
-0.940153
-0.98725
-0.999609
-0.976795
-0.919612
-0.830071
-0.711323
-0.567546
-0.403799
-0.225844
-0.0399425
0.147364
0.329486
0.500015
0.652949
0.782909
0.885321
0.956581
0.994184
0.996806
0.964353
0.897969
0.799987
0.673857
0.524017
0.355739
0.174943
-0.012008
-0.198537
-0.378079
-0.544319
-0.691406
-0.814165
-0.908276
-0.970429
-0.998436
-0.991312
-0.949307
-0.8739
-0.767743
-0.634573
-0.479074
-0.306718
-0.12357
0.0639261
0.249173
0.425652
0.587154
0.727997
0.843222
0.928779
0.981657
0.999993
0.983142
0.931699
0.847474
0.733427
0.593576
0.432838
0.256869
0.0718632
-0.115672
-0.299136
-0.472075
-0.628404
-0.76262
-0.870004
-0.946776
-0.990234
-0.998848
-0.972318
-0.911576
-0.818759
-0.697132
-0.550976
-0.385432
-0.206327
-0.0199623
0.167105
0.348293
0.517225
0.667958
0.795187
0.894437
0.962216
0.996139
0.99501
0.95887
0.888993
0.787834
0.658955
0.506889
0.336987
0.155228
-0.0319925
-0.218087
-0.396508
-0.560978
-0.705709
-0.825607
-0.916456
-0.97506
-0.999354
-0.988485
-0.942835
-0.864009
-0.754782
-0.618999
-0.461433
-0.287632
-0.10371
0.0838609
0.268481
0.443654
0.603217
0.741554
0.853799
0.936001
0.98527
0.999873
0.979291
0.924253
0.836694
0.719694
0.577371
0.414732
0.237501
0.051912
-0.135503
-0.31815
-0.489602
-0.643827
-0.775399
-0.879685
-0.953021
-0.992823
-0.99769
-0.967454
-0.903177
-0.807119
-0.682663
-0.534185
-0.366911
-0.186728
2.63775e-05
0.186779
0.36696
0.534229
0.6827
0.807148
0.903198
0.967467
0.997694
0.992817
0.953006
0.879662
0.775366
0.643789
0.489558
0.318101
0.135451
-0.0519646
-0.237552
-0.41478
-0.577413
-0.719729
-0.836721
-0.924272
-0.979301
-0.999873
-0.985262
-0.935985
-0.853774
-0.741521
-0.603176
-0.443608
-0.268431
-0.0838085
0.103763
0.287683
0.46148
0.619039
0.754815
0.864034
0.94285
0.988492
0.999352
0.975049
0.916438
0.82558
0.705673
0.560936
0.396461
0.218036
0.0319397
-0.155281
-0.337037
-0.506934
-0.658994
-0.787866
-0.889016
-0.958885
-0.995015
-0.996135
-0.962204
-0.894416
-0.795158
-0.667921
-0.517182
-0.348244
-0.167053
0.0200153
0.206379
0.385481
0.551019
0.69717
0.818788
0.911596
0.972331
0.998851
0.990227
0.94676
0.869981
0.76259
0.628365
0.472031
0.299087
0.115619
-0.0719163
-0.256921
-0.432886
-0.593617
-0.733462
-0.8475
-0.931717
-0.983152
-0.999992
-0.981647
-0.928761
-0.843197
-0.727962
-0.587114
-0.425606
-0.249122
-0.0638731
0.123623
0.306769
0.479121
0.634614
0.767777
0.873924
0.949322
0.991318
0.998432
0.970418
0.908257
0.814137
0.691371
0.544277
0.378032
0.198485
0.0119541
-0.174997
-0.35579
-0.524064
-0.673896
-0.800018
-0.89799
-0.964365
-0.996809
-0.994179
-0.956568
-0.885299
-0.78288
-0.652912
-0.499971
-0.329437
-0.147311
0.0399974
0.225898
0.40385
0.567591
0.711361
0.8301
0.919632
0.976806
0.99961
0.987242
0.940137
0.859952
0.749508
0.612691
0.454315
0.279952
0.0957399
-0.0918412
-0.27619
-0.45082
-0.609586
-0.746904
-0.85794
-0.93879
-0.986608
-0.999711
-0.97764
-0.921168
-0.832284
-0.714113
-0.570815
-0.407431
-0.229712
-0.0439094
0.143438
0.325737
0.496574
0.649937
0.780432
0.883466
0.955416
0.993748
0.997115
0.965397
0.899712
0.802368
0.676791
0.527398
0.359448
0.178851
-0.00804001
-0.194647
-0.374404
-0.540987
-0.688534
-0.811853
-0.906607
-0.969462
-0.998205
-0.991827
-0.950551
-0.875827
-0.770286
-0.63764
-0.482558
-0.310495
-0.127506
0.0599682
0.245332
0.422062
0.58394
0.725271
0.841082
0.9273
0.980891
0.999968
0.983862
0.933138
0.849578
0.736125
0.596769
0.436414
0.260702
0.0758171
-0.111735
-0.295354
-0.46858
-0.625316
-0.76005
-0.868041
-0.94549
-0.989672
-0.999032
-0.973241
-0.913205
-0.821036
-0.699976
-0.554286
-0.389091
-0.210205
-0.0239228
0.1632
0.344579
0.513833
0.665005
0.792778
0.892657
0.961128
0.995781
0.995399
0.959992
0.890806
0.790277
0.661937
0.510306
0.340717
0.15914
-0.0280368
-0.214226
-0.392875
-0.557699
-0.702899
-0.823366
-0.914863
-0.974171
-0.999204
-0.989078
-0.944152
-0.866005
-0.757384
-0.622112
-0.464949
-0.291424
-0.107645
0.0799213
0.264674
0.440111
0.60006
0.738894
0.851731
0.934599
0.984584
0.999927
0.980089
0.925764
0.838865
0.722447
0.580607
0.418335
0.241342
0.0558577
-0.131591
-0.314407
-0.486158
-0.640802
-0.772897
-0.877797
-0.951813
-0.992339
-0.997953
-0.968453
-0.904876
-0.80946
-0.685559
-0.537532
-0.370591
-0.190608
-0.00391905
0.182906
0.363293
0.530894
0.679813
0.804811
0.901492
0.966455
0.997417
0.993284
0.954203
0.881546
0.77787
0.64682
0.493007
0.321845
0.139358
-0.0480317
-0.233729
-0.411199
-0.574197
-0.716989
-0.834554
-0.922755
-0.978491
-0.999801
-0.985934
-0.937378
-0.855837
-0.744179
-0.606333
-0.447149
-0.272229
-0.0877296
0.0998547
0.283922
0.457995
0.61595
0.75223
0.862043
0.941527
0.987885
0.999487
0.975924
0.918022
0.827817
0.708479
0.564209
0.400082
0.221875
0.0358622
-0.15141
-0.33335
-0.503557
-0.656041
-0.785441
-0.887205
-0.957756
-0.994612
-0.996476
-0.963279
-0.896188
-0.797562
-0.670866
-0.52056
-0.351933
-0.17092
0.0161053
0.20256
0.381882
0.54776
0.694362
0.816531
0.909972
0.9714
0.998654
0.990773
0.948034
0.871936
0.765153
0.63144
0.475503
0.302829
0.119499
-0.0680335
-0.253166
-0.429384
-0.590487
-0.73081
-0.845417
-0.930283
-0.982421
-1
-0.982398
-0.930231
-0.84533
-0.730678
-0.590308
-0.429159
-0.252905
-0.0677507
0.119783
0.303093
0.475731
0.631621
0.765284
0.872021
0.94808
0.990791
0.998648
0.971372
0.909918
0.816442
0.69423
0.54758
0.381652
0.202291
0.0158125
-0.171215
-0.352208
-0.520796
-0.671052
-0.797692
-0.896269
-0.963319
-0.996486
-0.9946
-0.957724
-0.887149
-0.785351
-0.655905
-0.503368
-0.333106
-0.15112
0.0361803
0.222197
0.400381
0.564464
0.708676
0.82795
0.918099
0.975958
0.999491
0.987869
0.941494
0.861987
0.752138
0.615805
0.457787
0.283648
0.0995251
-0.0880931
-0.272596
-0.447488
-0.606617
-0.744392
-0.855974
-0.93745
-0.98596
-0.999799
-0.978474
-0.922724
-0.834499
-0.716892
-0.574035
-0.410957
-0.233404
-0.0476372
0.139794
0.322282
0.493405
0.647145
0.778103
0.881689
0.95427
0.993302
0.99741
0.966441
0.901469
0.804762
0.679709
0.530705
0.362997
0.182499
-0.00441713
-0.191156
-0.371135
-0.538018
-0.685943
-0.809723
-0.905025
-0.968513
-0.997962
-0.992333
-0.951808
-0.877789
-0.772857
-0.640685
-0.48592
-0.314016
-0.131045
0.056527
0.242073
0.41905
0.581229
0.722923
0.839174
0.925921
0.980139
0.999929
0.984584
0.934619
0.851754
0.73887
0.599915
0.439776
0.264107
0.0791257
-0.108614
-0.29247
-0.465953
-0.622965
-0.758012
-0.866387
-0.944325
-0.989119
-0.999201
-0.974196
-0.914936
-0.823448
-0.702896
-0.557491
-0.392351
-0.213324
-0.0267735
0.160665
0.34234
0.511834
0.663199
0.791167
0.891313
0.96019
0.995426
0.995789
0.96122
0.892852
0.792985
0.665045
0.513486
0.343655
0.161602
-0.0261501
-0.212868
-0.391885
-0.556868
-0.702053
-0.822442
-0.913945
-0.973481
-0.999044
-0.989731
-0.945776
-0.868554
-0.760579
-0.625482
-0.46793
-0.293506
-0.108508
0.0803118
0.266051
0.441979
0.601844
0.74012
0.852181
0.9344
0.984186
0.999968
0.981185
0.928274
0.8427
0.726996
0.584815
0.42094
0.24121
0.0523357
-0.138423
-0.323677
-0.496379
-0.650255
-0.780123
-0.882046
-0.95332
-0.992323
-0.998304
-0.971169
-0.911357
-0.819836
-0.698264
-0.549297
-0.376977
-0.187077
0.0127835
0.213447
0.405024
0.578107
0.725061
0.840999
0.924136
0.975485
0.998093
0.996102
0.973908
0.935537
0.884257
0.822382
0.751193
0.670891
0.580544
0.47799
0.359672
0.220494
0.0539701
-0.146501
-0.383257
-0.643233
-0.878702
-0.998252
-0.915772
-0.642156
-nan
